# svMultiPhysics boundary integral results file. 
# Quantities represent averaged scalar or flux values over each mesh face.
#        
# Format 
# ------ 
# face areas: [list of mesh face areas]  
# step time [list of mesh face names] 
# [time step] [time] [list of computed values for each mesh face]
face areas:  1.233e+01  1.235e+01  3.755e+02 
step   time   lumen_inlet  lumen_outlet  lumen_wall 
 1   5.0000000000e-03  4.5927509070e+02  1.3760031933e+02  2.9974263764e+02 
 2   1.0000000000e-02  -5.2408208604e+01  1.7079609684e+02  5.7111466993e+01 
 3   1.5000000000e-02  6.4858563605e+02  3.2432188560e+02  4.8863715831e+02 
 4   2.0000000000e-02  4.8896427215e+02  4.6424842867e+02  4.7455670423e+02 
 5   2.5000000000e-02  9.5027069164e+02  6.9418227013e+02  8.2376813774e+02 
 6   3.0000000000e-02  1.1584503767e+03  9.6208344194e+02  1.0590603508e+03 
 7   3.5000000000e-02  1.5909138061e+03  1.3082286475e+03  1.4502913402e+03 
 8   4.0000000000e-02  2.0156399483e+03  1.7155518038e+03  1.8650294743e+03 
 9   4.5000000000e-02  2.5475336527e+03  2.1986125836e+03  2.3733136479e+03 
 10   5.0000000000e-02  3.1356580443e+03  2.7524574623e+03  2.9437973909e+03 
 11   5.5000000000e-02  3.8062040604e+03  3.3820914757e+03  3.5941812363e+03 
 12   6.0000000000e-02  4.5475002798e+03  4.0861043066e+03  4.3166608514e+03 
 13   6.5000000000e-02  5.3661559038e+03  4.8659771925e+03  5.1160262548e+03 
 14   7.0000000000e-02  6.2587338236e+03  5.7210654793e+03  5.9898047716e+03 
 15   7.5000000000e-02  7.2267720659e+03  6.6514564035e+03  6.9390573989e+03 
 16   8.0000000000e-02  8.2687402357e+03  7.6564836366e+03  7.9625447535e+03 
 17   8.5000000000e-02  9.3844876916e+03  8.7355934928e+03  9.0599948598e+03 
 18   9.0000000000e-02  1.0572867234e+04  9.8879204304e+03  1.0230356593e+04 
 19   9.5000000000e-02  1.1833050314e+04  1.1112550443e+04  1.1472784070e+04 
 20   1.0000000000e-01  1.3163852746e+04  1.2408405960e+04  1.2786132578e+04 
 21   1.0500000000e-01  1.4564110733e+04  1.3774328215e+04  1.4169248795e+04 
 22   1.1000000000e-01  1.6032500164e+04  1.5209049433e+04  1.5620832647e+04 
 23   1.1500000000e-01  1.7567643588e+04  1.6711220530e+04  1.7139523369e+04 
 24   1.2000000000e-01  1.9168064739e+04  1.8279406724e+04  1.8723864274e+04 
 25   1.2500000000e-01  2.0832220690e+04  1.9912098315e+04  2.0372329864e+04 
 26   1.3000000000e-01  2.2558492040e+04  2.1607712001e+04  2.2083318498e+04 
 27   1.3500000000e-01  2.4345194053e+04  2.3364596156e+04  2.3855162271e+04 
 28   1.4000000000e-01  2.6190576047e+04  2.5181033241e+04  2.5686127015e+04 
 29   1.4500000000e-01  2.8092826372e+04  2.7055243157e+04  2.7574416946e+04 
 30   1.5000000000e-01  3.0050074062e+04  2.8985385709e+04  2.9518176463e+04 
 31   1.5500000000e-01  3.2060391945e+04  3.0969563245e+04  3.1515493164e+04 
 32   1.6000000000e-01  3.4121798787e+04  3.3005823016e+04  3.3564400018e+04 
 33   1.6500000000e-01  3.6232261826e+04  3.5092159557e+04  3.5662877868e+04 
 34   1.7000000000e-01  3.8389699018e+04  3.7226516972e+04  3.7808857668e+04 
 35   1.7500000000e-01  4.0591981365e+04  3.9406791230e+04  4.0000222814e+04 
 36   1.8000000000e-01  4.2836935189e+04  4.1630832426e+04  4.2234811399e+04 
 37   1.8500000000e-01  4.5122344425e+04  4.3896447052e+04  4.4510418501e+04 
 38   1.9000000000e-01  4.7445952885e+04  4.6201400269e+04  4.6824798454e+04 
 39   1.9500000000e-01  4.9805466546e+04  4.8543418191e+04  4.9175667121e+04 
 40   2.0000000000e-01  5.2198555902e+04  5.0920190182e+04  5.1560704228e+04 
 41   2.0500000000e-01  5.4622858291e+04  5.3329371170e+04  5.3977555696e+04 
 42   2.1000000000e-01  5.7075980205e+04  5.5768583987e+04  5.6423835943e+04 
 43   2.1500000000e-01  5.9555499691e+04  5.8235421732e+04  5.8897130291e+04 
 44   2.2000000000e-01  6.2058968752e+04  6.0727450163e+04  6.1394997346e+04 
 45   2.2500000000e-01  6.4583915773e+04  6.3242210106e+04  6.3914971422e+04 
 46   2.3000000000e-01  6.7127847977e+04  6.5777219901e+04  6.6454564993e+04 
 47   2.3500000000e-01  6.9688253886e+04  6.8329977856e+04  6.9011271151e+04 
 48   2.4000000000e-01  7.2262605795e+04  7.0897964730e+04  7.1582566079e+04 
 49   2.4500000000e-01  7.4848362245e+04  7.3478646219e+04  7.4165911550e+04 
 50   2.5000000000e-01  7.7442970559e+04  7.6069475465e+04  7.6758757427e+04 
 51   2.5500000000e-01  8.0043869368e+04  7.8667895564e+04  7.9358544197e+04 
 52   2.6000000000e-01  8.2648491106e+04  8.1271342097e+04  8.1962705479e+04 
 53   2.6500000000e-01  8.5254264533e+04  8.3877245648e+04  8.4568670549e+04 
 54   2.7000000000e-01  8.7858617300e+04  8.6483034350e+04  8.7173866898e+04 
 55   2.7500000000e-01  9.0458978444e+04  8.9086136425e+04  8.9775722742e+04 
 56   2.8000000000e-01  9.3052780968e+04  9.1683982725e+04  9.2371669597e+04 
 57   2.8500000000e-01  9.5637464406e+04  9.4274009279e+04  9.4959144829e+04 
 58   2.9000000000e-01  9.8210477327e+04  9.6853659835e+04  9.7535594170e+04 
 59   2.9500000000e-01  1.0076927985e+05  9.9420388406e+04  1.0009847427e+05 
 60   3.0000000000e-01  1.0331134621e+05  1.0197166179e+05  1.0264525524e+05 
 61   3.0500000000e-01  1.0583416722e+05  1.0450496209e+05  1.0517342310e+05 
 62   3.1000000000e-01  1.0833525270e+05  1.0701778917e+05  1.0768048232e+05 
 63   3.1500000000e-01  1.1081213384e+05  1.0950766317e+05  1.1016395816e+05 
 64   3.2000000000e-01  1.1326236606e+05  1.1197212688e+05  1.1262139933e+05 
 65   3.2500000000e-01  1.1568353096e+05  1.1440874819e+05  1.1505038015e+05 
 66   3.3000000000e-01  1.1807323854e+05  1.1681512245e+05  1.1744850297e+05 
 67   3.3500000000e-01  1.2042913004e+05  1.1918887484e+05  1.1981340059e+05 
 68   3.4000000000e-01  1.2274888025e+05  1.2152766268e+05  1.2214273880e+05 
 69   3.4500000000e-01  1.2503019929e+05  1.2382917776e+05  1.2443421821e+05 
 70   3.5000000000e-01  1.2727083541e+05  1.2609114862e+05  1.2668557691e+05 
 71   3.5500000000e-01  1.2946857693e+05  1.2831134277e+05  1.2889459250e+05 
 72   3.6000000000e-01  1.3162125462e+05  1.3048756892e+05  1.3105908446e+05 
 73   3.6500000000e-01  1.3372674384e+05  1.3261767922e+05  1.3317691634e+05 
 74   3.7000000000e-01  1.3578296653e+05  1.3469957136e+05  1.3524599774e+05 
 75   3.7500000000e-01  1.3778789324e+05  1.3673119067e+05  1.3726428644e+05 
 76   3.8000000000e-01  1.3973954515e+05  1.3871053211e+05  1.3922979040e+05 
 77   3.8500000000e-01  1.4163599648e+05  1.4063564231e+05  1.4114056989e+05 
 78   3.9000000000e-01  1.4347537558e+05  1.4250462146e+05  1.4299473913e+05 
 79   3.9500000000e-01  1.4525586735e+05  1.4431562515e+05  1.4479046825e+05 
 80   4.0000000000e-01  1.4697571488e+05  1.4606686618e+05  1.4652598510e+05 
 81   4.0500000000e-01  1.4863322079e+05  1.4775661632e+05  1.4819957688e+05 
 82   4.1000000000e-01  1.5022674932e+05  1.4938320798e+05  1.4980959192e+05 
 83   4.1500000000e-01  1.5175472784e+05  1.5094503585e+05  1.5135444123e+05 
 84   4.2000000000e-01  1.5321564825e+05  1.5244055852e+05  1.5283260011e+05 
 85   4.2500000000e-01  1.5460806850e+05  1.5386829996e+05  1.5424260959e+05 
 86   4.3000000000e-01  1.5593061461e+05  1.5522685105e+05  1.5558307832e+05 
 87   4.3500000000e-01  1.5718198255e+05  1.5651487095e+05  1.5685268379e+05 
 88   4.4000000000e-01  1.5836093649e+05  1.5773108845e+05  1.5805017279e+05 
 89   4.4500000000e-01  1.5946631296e+05  1.5887430331e+05  1.5917436357e+05 
 90   4.5000000000e-01  1.6049702134e+05  1.5994338743e+05  1.6022414681e+05 
 91   4.5500000000e-01  1.6145204532e+05  1.6093728577e+05  1.6119848729e+05 
 92   4.6000000000e-01  1.6233044238e+05  1.6185501766e+05  1.6209642362e+05 
 93   4.6500000000e-01  1.6313134493e+05  1.6269567755e+05  1.6291706897e+05 
 94   4.7000000000e-01  1.6385396383e+05  1.6345843594e+05  1.6365961464e+05 
 95   4.7500000000e-01  1.6449758460e+05  1.6414254021e+05  1.6432332700e+05 
 96   4.8000000000e-01  1.6506157049e+05  1.6474731528e+05  1.6490755055e+05 
 97   4.8500000000e-01  1.6554536493e+05  1.6527216429e+05  1.6541170897e+05 
 98   4.9000000000e-01  1.6594849225e+05  1.6571656941e+05  1.6583530590e+05 
 99   4.9500000000e-01  1.6627055293e+05  1.6608009191e+05  1.6617792369e+05 
 100   5.0000000000e-01  1.6651123113e+05  1.6636237306e+05  1.6643922449e+05 
 101   5.0500000000e-01  1.6667028558e+05  1.6656313426e+05  1.6661894900e+05 
 102   5.1000000000e-01  1.6674755722e+05  1.6668217744e+05  1.6671691767e+05 
 103   5.1500000000e-01  1.6674297451e+05  1.6671938516e+05  1.6673303759e+05 
 104   5.2000000000e-01  1.6665654179e+05  1.6667472089e+05  1.6666729367e+05 
 105   5.2500000000e-01  1.6648834349e+05  1.6654822880e+05  1.6651975035e+05 
 106   5.3000000000e-01  1.6623854533e+05  1.6634003377e+05  1.6629055335e+05 
 107   5.3500000000e-01  1.6590739068e+05  1.6605034161e+05  1.6597992726e+05 
 108   5.4000000000e-01  1.6549520746e+05  1.6567943829e+05  1.6558818047e+05 
 109   5.4500000000e-01  1.6500240154e+05  1.6522768999e+05  1.6511569717e+05 
 110   5.5000000000e-01  1.6442946041e+05  1.6469554252e+05  1.6456294674e+05 
 111   5.5500000000e-01  1.6377694477e+05  1.6408352116e+05  1.6393047083e+05 
 112   5.6000000000e-01  1.6304550442e+05  1.6339222996e+05  1.6321889989e+05 
 113   5.6500000000e-01  1.6223585781e+05  1.6262235096e+05  1.6242893175e+05 
 114   5.7000000000e-01  1.6134881085e+05  1.6177464390e+05  1.6156135047e+05 
 115   5.7500000000e-01  1.6038523347e+05  1.6084994538e+05  1.6061701036e+05 
 116   5.8000000000e-01  1.5934607891e+05  1.5984916793e+05  1.5959684446e+05 
 117   5.8500000000e-01  1.5823237322e+05  1.5877329930e+05  1.5850185833e+05 
 118   5.9000000000e-01  1.5704521737e+05  1.5762340133e+05  1.5733313528e+05 
 119   5.9500000000e-01  1.5578578816e+05  1.5640060877e+05  1.5609183200e+05 
 120   6.0000000000e-01  1.5445532039e+05  1.5510612869e+05  1.5477916905e+05 
 121   6.0500000000e-01  1.5305512742e+05  1.5374123870e+05  1.5339644180e+05 
 122   6.1000000000e-01  1.5158659221e+05  1.5230728580e+05  1.5194501617e+05 
 123   6.1500000000e-01  1.5005116340e+05  1.5080568510e+05  1.5042632435e+05 
 124   6.2000000000e-01  1.4845035542e+05  1.4923791860e+05  1.4884186523e+05 
 125   6.2500000000e-01  1.4678574884e+05  1.4760553349e+05  1.4719320251e+05 
 126   6.3000000000e-01  1.4505898422e+05  1.4591014061e+05  1.4548196256e+05 
 127   6.3500000000e-01  1.4327176642e+05  1.4415341318e+05  1.4370983480e+05 
 128   6.4000000000e-01  1.4142585575e+05  1.4233708482e+05  1.4187856599e+05 
 129   6.4500000000e-01  1.3952307668e+05  1.4046294799e+05  1.3998996507e+05 
 130   6.5000000000e-01  1.3756530408e+05  1.3853285221e+05  1.3804589412e+05 
 131   6.5500000000e-01  1.3555447090e+05  1.3654870235e+05  1.3604827256e+05 
 132   6.6000000000e-01  1.3349255947e+05  1.3451245665e+05  1.3399907067e+05 
 133   6.6500000000e-01  1.3138160503e+05  1.3242612475e+05  1.3190031113e+05 
 134   6.7000000000e-01  1.2922369048e+05  1.3029176571e+05  1.2975406501e+05 
 135   6.7500000000e-01  1.2702094393e+05  1.2811148601e+05  1.2756245000e+05 
 136   6.8000000000e-01  1.2477554020e+05  1.2588743729e+05  1.2532762872e+05 
 137   6.8500000000e-01  1.2248969285e+05  1.2362181441e+05  1.2305180609e+05 
 138   6.9000000000e-01  1.2016565892e+05  1.2131685323e+05  1.2073722825e+05 
 139   6.9500000000e-01  1.1780573035e+05  1.1897482839e+05  1.1838617872e+05 
 140   7.0000000000e-01  1.1541223557e+05  1.1659805108e+05  1.1600097723e+05 
 141   7.0500000000e-01  1.1298753635e+05  1.1418886677e+05  1.1358397746e+05 
 142   7.1000000000e-01  1.1053402505e+05  1.1174965290e+05  1.1113756429e+05 
 143   7.1500000000e-01  1.0805412266e+05  1.0928281659e+05  1.0866415171e+05 
 144   7.2000000000e-01  1.0555027624e+05  1.0679079216e+05  1.0616618047e+05 
 145   7.2500000000e-01  1.0302495640e+05  1.0427603889e+05  1.0364611535e+05 
 146   7.3000000000e-01  1.0048065484e+05  1.0174103850e+05  1.0110644292e+05 
 147   7.3500000000e-01  9.7919882543e+04  9.9188292733e+04  9.8549669385e+04 
 148   7.4000000000e-01  9.5345166377e+04  9.6620320808e+04  9.5978317633e+04 
 149   7.4500000000e-01  9.2759047196e+04  9.4039657058e+04  9.3394925061e+04 
 150   7.5000000000e-01  9.0164077222e+04  9.1448848289e+04  9.0802041050e+04 
 151   7.5500000000e-01  8.7562817339e+04  8.8850451343e+04  8.8202224203e+04 
 152   7.6000000000e-01  8.4957834673e+04  8.6247030537e+04  8.5598040102e+04 
 153   7.6500000000e-01  8.2351700162e+04  8.3641155163e+04  8.2992058561e+04 
 154   7.7000000000e-01  7.9746986041e+04  8.1035396936e+04  8.0386851374e+04 
 155   7.7500000000e-01  7.7146262958e+04  7.8432327448e+04  7.7784989362e+04 
 156   7.8000000000e-01  7.4552097914e+04  7.5834515650e+04  7.5189040216e+04 
 157   7.8500000000e-01  7.1967051088e+04  7.3244525321e+04  7.2601565698e+04 
 158   7.9000000000e-01  6.9393674020e+04  7.0664912494e+04  7.0025119256e+04 
 159   7.9500000000e-01  6.6834506415e+04  6.8098222924e+04  6.7462243347e+04 
 160   8.0000000000e-01  6.4292074293e+04  6.5546989611e+04  6.4915467167e+04 
 161   8.0500000000e-01  6.1768886966e+04  6.3013730254e+04  6.2387303917e+04 
 162   8.1000000000e-01  5.9267434855e+04  6.0500944813e+04  5.9880248491e+04 
 163   8.1500000000e-01  5.6790186905e+04  5.8011112987e+04  5.7396774918e+04 
 164   8.2000000000e-01  5.4339588174e+04  5.5546691781e+04  5.4939333875e+04 
 165   8.2500000000e-01  5.1918057454e+04  5.3110113134e+04  5.2510350423e+04 
 166   8.3000000000e-01  4.9527984868e+04  5.0703781531e+04  5.0112221553e+04 
 167   8.3500000000e-01  4.7171729631e+04  4.8330071638e+04  4.7747313892e+04 
 168   8.4000000000e-01  4.4851617572e+04  4.5991325963e+04  4.5417961296e+04 
 169   8.4500000000e-01  4.2569938958e+04  4.3689852548e+04  4.3126462613e+04 
 170   8.5000000000e-01  4.0328946052e+04  4.1427922669e+04  4.0875079313e+04 
 171   8.5500000000e-01  3.8130850967e+04  3.9207768619e+04  3.8666033320e+04 
 172   8.6000000000e-01  3.5977823645e+04  3.7031581458e+04  3.6501504855e+04 
 173   8.6500000000e-01  3.3871989330e+04  3.4901508833e+04  3.4383630085e+04 
 174   8.7000000000e-01  3.1815426786e+04  3.2819652848e+04  3.2314499184e+04 
 175   8.7500000000e-01  2.9810166023e+04  3.0788067984e+04  3.0296154141e+04 
 176   8.8000000000e-01  2.7858186510e+04  2.8808759120e+04  2.8330586894e+04 
 177   8.8500000000e-01  2.5961415016e+04  2.6883679485e+04  2.6419737214e+04 
 178   8.9000000000e-01  2.4121723839e+04  2.5014728768e+04  2.4565490866e+04 
 179   8.9500000000e-01  2.2340928895e+04  2.3203751217e+04  2.2769677744e+04 
 180   9.0000000000e-01  2.0620787966e+04  2.1452533851e+04  2.1034070056e+04 
 181   9.0500000000e-01  1.8962998890e+04  1.9762804712e+04  1.9360380569e+04 
 182   9.1000000000e-01  1.7369198337e+04  1.8136231417e+04  1.7750261300e+04 
 183   9.1500000000e-01  1.5840959666e+04  1.6574419266e+04  1.6205301392e+04 
 184   9.2000000000e-01  1.4379791631e+04  1.5078909666e+04  1.4727025855e+04 
 185   9.2500000000e-01  1.2987136623e+04  1.3651178548e+04  1.3316893752e+04 
 186   9.3000000000e-01  1.1664369472e+04  1.2292634960e+04  1.1976296981e+04 
 187   9.3500000000e-01  1.0412795961e+04  1.1004619698e+04  1.0706558773e+04 
 188   9.4000000000e-01  9.2336516201e+03  9.7884039767e+03  9.5089324777e+03 
 189   9.4500000000e-01  8.1281004421e+03  8.6451881474e+03  8.3846002595e+03 
 190   9.5000000000e-01  7.0972337040e+03  7.5761004258e+03  7.3346718878e+03 
 191   9.5500000000e-01  6.1420689485e+03  6.5821958991e+03  6.3601837122e+03 
 192   9.6000000000e-01  5.2635489000e+03  5.6644553517e+03  5.4620975272e+03 
 193   9.6500000000e-01  4.4625406752e+03  4.8237844365e+03  4.6412998097e+03 
 194   9.7000000000e-01  3.7398347780e+03  4.0610127142e+03  3.8986006517e+03 
 195   9.7500000000e-01  3.0961445578e+03  3.3768928999e+03  3.2347332259e+03 
 196   9.8000000000e-01  2.5321051043e+03  2.7721001021e+03  2.6503527086e+03 
 197   9.8500000000e-01  2.0482730623e+03  2.2472311804e+03  2.1460360041e+03 
 198   9.9000000000e-01  1.6451258612e+03  1.8028041478e+03  1.7222809747e+03 
 199   9.9500000000e-01  1.3230614134e+03  1.4392576310e+03  1.3795060574e+03 
 200   1.0000000000e+00  1.0823972380e+03  1.1569504157e+03  1.1180495650e+03 
