---------------------------------------------------------------------
 Eq     N-i     T       dB  Ri/R1   Ri/R0    R/Ri     lsIt   dB  %t
---------------------------------------------------------------------
 NS 1-1  2.185e-01  [0 1.000e+00 1.000e+00 1.645e-04]  [5 -18 66]
 NS 1-2  3.929e-01  [-73 2.041e-04 2.041e-04 6.695e-04]  [3 -22 54]
 NS 1-3  5.773e-01  [-137 1.368e-07 1.368e-07 1.483e-04]  [4 -20 62]
 NS 1-4  7.405e-01  [-213 2.055e-11 2.055e-11 8.984e-04]  [3 -18 56]
 NS 1-5  9.012e-01  [-254 1.934e-13 1.934e-13 2.646e-04]  [3 -18 52]
 NS 2-1  1.044e+00  [0 1.000e+00 2.836e+01 7.816e-04]  [2 -17 50]
 NS 2-2  1.209e+00  [-62 7.822e-04 2.219e-02 7.807e-04]  [3 -19 57]
 NS 2-3  1.375e+00  [-124 6.119e-07 1.735e-05 6.874e-04]  [3 -19 57]
 NS 2-4  1.554e+00  [-187 4.214e-10 1.195e-08 1.687e-04]  [4 -19 60]
 NS 2-5s 1.722e+00  [-262 7.349e-14 2.084e-12 7.678e-04]  [3 -20 53]
