---------------------------------------------------------------------
 Eq     N-i     T       dB  Ri/R1   Ri/R0    R/Ri     lsIt   dB  %t
---------------------------------------------------------------------
 NS 1-1  2.090e-01  [0 1.000e+00 1.000e+00 1.645e-04]  [5 -18 66]
 NS 1-2  3.706e-01  [-73 2.041e-04 2.041e-04 6.695e-04]  [3 -22 57]
 NS 1-3  5.458e-01  [-137 1.368e-07 1.368e-07 1.483e-04]  [4 -20 61]
 NS 1-4  7.016e-01  [-213 2.055e-11 2.055e-11 8.984e-04]  [3 -18 56]
 NS 1-5  8.632e-01  [-254 1.934e-13 1.934e-13 2.646e-04]  [3 -18 49]
 NS 2-1  1.001e+00  [0 1.000e+00 2.836e+01 7.816e-04]  [2 -17 49]
 NS 2-2  1.161e+00  [-62 7.822e-04 2.219e-02 7.807e-04]  [3 -19 56]
 NS 2-3  1.320e+00  [-124 6.119e-07 1.735e-05 6.874e-04]  [3 -19 56]
 NS 2-4  1.491e+00  [-187 4.214e-10 1.195e-08 1.687e-04]  [4 -19 59]
 NS 2-5s 1.651e+00  [-262 7.349e-14 2.084e-12 7.678e-04]  [3 -20 52]
 NS 3-1  1.862e+00  [0 1.000e+00 2.690e+01 3.302e-04]  [3 -18 42]
 NS 3-2  2.022e+00  [-69 3.305e-04 8.889e-03 8.533e-04]  [3 -19 57]
 NS 3-3  2.177e+00  [-130 2.830e-07 7.611e-06 9.036e-04]  [3 -17 55]
 NS 3-4  2.357e+00  [-191 2.561e-10 6.888e-09 1.127e-04]  [4 -23 61]
 NS 3-5  2.549e+00  [-269 3.439e-14 9.250e-13 1.531e-04]  [4 -19 59]
 NS 4-1  2.686e+00  [0 1.000e+00 3.011e+01 7.662e-04]  [2 -19 50]
 NS 4-2  2.846e+00  [-62 7.668e-04 2.309e-02 7.314e-04]  [3 -19 57]
 NS 4-3  3.006e+00  [-124 5.659e-07 1.704e-05 8.497e-04]  [3 -18 57]
 NS 4-4  3.190e+00  [-186 4.834e-10 1.456e-08 1.064e-04]  [4 -23 62]
 NS 4-5s 3.358e+00  [-262 7.224e-14 2.175e-12 9.382e-04]  [3 -18 54]
 NS 5-1  3.546e+00  [0 1.000e+00 4.065e+01 9.553e-04]  [2 -17 35]
 NS 5-2  3.705e+00  [-60 9.553e-04 3.883e-02 9.226e-04]  [3 -18 57]
 NS 5-3  3.863e+00  [-120 9.027e-07 3.669e-05 7.549e-04]  [3 -18 56]
 NS 5-4  4.016e+00  [-183 6.942e-10 2.822e-08 9.288e-04]  [3 -15 55]
 NS 5-5  4.196e+00  [-243 6.506e-13 2.645e-11 9.770e-05]  [4 -24 57]
 NS 6-1  4.344e+00  [0 1.000e+00 5.025e+01 4.127e-04]  [2 -17 44]
 NS 6-2  4.503e+00  [-67 4.134e-04 2.077e-02 6.724e-04]  [3 -20 56]
 NS 6-3  4.670e+00  [-130 3.036e-07 1.525e-05 7.083e-04]  [3 -18 53]
 NS 6-4  4.846e+00  [-193 2.234e-10 1.122e-08 1.280e-04]  [4 -21 61]
 NS 6-5s 5.009e+00  [-264 5.810e-14 2.919e-12 6.613e-04]  [3 -18 53]
 NS 7-1  5.197e+00  [0 1.000e+00 6.763e+01 4.776e-04]  [2 -19 36]
 NS 7-2  5.353e+00  [-66 4.779e-04 3.232e-02 8.779e-04]  [3 -18 56]
 NS 7-3  5.512e+00  [-126 4.546e-07 3.075e-05 6.736e-04]  [3 -18 56]
 NS 7-4  5.669e+00  [-189 3.290e-10 2.225e-08 8.180e-04]  [3 -17 56]
 NS 7-5  5.848e+00  [-250 2.821e-13 1.908e-11 1.464e-04]  [4 -20 58]
 NS 8-1  5.984e+00  [0 1.000e+00 8.200e+01 3.271e-04]  [2 -20 49]
 NS 8-2  6.142e+00  [-69 3.281e-04 2.691e-02 6.422e-04]  [3 -19 56]
 NS 8-3  6.300e+00  [-132 2.369e-07 1.942e-05 6.666e-04]  [3 -19 56]
 NS 8-4  6.457e+00  [-195 1.738e-10 1.425e-08 7.669e-04]  [3 -18 57]
 NS 8-5s 6.640e+00  [-256 1.470e-13 1.206e-11 1.259e-04]  [4 -21 58]
 NS 9-1  6.828e+00  [0 1.000e+00 1.007e+02 3.672e-04]  [2 -19 36]
 NS 9-2  6.989e+00  [-68 3.682e-04 3.708e-02 7.299e-04]  [3 -19 57]
 NS 9-3  7.149e+00  [-129 3.216e-07 3.238e-05 6.325e-04]  [3 -19 56]
 NS 9-4  7.309e+00  [-192 2.414e-10 2.431e-08 7.251e-04]  [3 -18 57]
 NS 9-5  7.475e+00  [-254 1.986e-13 2.000e-11 9.235e-04]  [3 -16 54]
 NS 10-1  7.609e+00  [0 1.000e+00 1.180e+02 3.275e-04]  [2 -20 48]
 NS 10-2  7.767e+00  [-69 3.291e-04 3.882e-02 6.817e-04]  [3 -19 56]
 NS 10-3  7.925e+00  [-130 2.848e-07 3.359e-05 6.177e-04]  [3 -19 56]
 NS 10-4  8.083e+00  [-193 2.192e-10 2.586e-08 6.996e-04]  [3 -18 56]
 NS 10-5s 8.240e+00  [-254 1.829e-13 2.157e-11 9.180e-04]  [3 -16 52]
 NS 11-1  8.436e+00  [0 1.000e+00 1.371e+02 3.340e-04]  [2 -20 34]
 NS 11-2  8.595e+00  [-69 3.359e-04 4.606e-02 6.845e-04]  [3 -19 56]
 NS 11-3  8.750e+00  [-129 3.185e-07 4.367e-05 5.789e-04]  [3 -19 55]
 NS 11-4  8.907e+00  [-192 2.485e-10 3.407e-08 6.947e-04]  [3 -18 56]
 NS 11-5  9.064e+00  [-253 2.136e-13 2.929e-11 8.947e-04]  [3 -16 51]
 NS 12-1  9.198e+00  [0 1.000e+00 1.558e+02 3.201e-04]  [2 -20 48]
 NS 12-2  9.354e+00  [-69 3.227e-04 5.028e-02 6.701e-04]  [3 -19 56]
 NS 12-3  9.512e+00  [-129 3.261e-07 5.080e-05 5.582e-04]  [3 -19 56]
 NS 12-4  9.670e+00  [-191 2.615e-10 4.075e-08 6.782e-04]  [3 -18 56]
 NS 12-5s 9.826e+00  [-252 2.310e-13 3.599e-11 8.344e-04]  [3 -16 51]
 NS 13-1  1.001e+01  [0 1.000e+00 1.752e+02 3.191e-04]  [2 -20 35]
 NS 13-2  1.017e+01  [-69 3.223e-04 5.646e-02 6.684e-04]  [3 -19 56]
 NS 13-3  1.032e+01  [-128 3.571e-07 6.255e-05 5.313e-04]  [3 -19 56]
 NS 13-4  1.048e+01  [-190 2.951e-10 5.170e-08 6.595e-04]  [3 -19 56]
 NS 13-5  1.064e+01  [-251 2.704e-13 4.736e-11 8.646e-04]  [3 -16 52]
 NS 14-1  1.078e+01  [0 1.000e+00 1.944e+02 3.130e-04]  [2 -20 50]
 NS 14-2  1.094e+01  [-69 3.171e-04 6.163e-02 6.631e-04]  [3 -19 57]
 NS 14-3  1.109e+01  [-128 3.830e-07 7.446e-05 5.106e-04]  [3 -19 57]
 NS 14-4  1.125e+01  [-189 3.279e-10 6.375e-08 6.362e-04]  [3 -19 56]
 NS 14-5s 1.141e+01  [-250 3.056e-13 5.941e-11 7.357e-04]  [3 -16 53]
 NS 15-1  1.160e+01  [0 1.000e+00 2.138e+02 3.112e-04]  [2 -20 35]
 NS 15-2  1.176e+01  [-70 3.161e-04 6.758e-02 6.533e-04]  [3 -20 56]
 NS 15-3  1.191e+01  [-127 4.179e-07 8.934e-05 4.851e-04]  [3 -19 56]
 NS 15-4  1.207e+01  [-188 3.696e-10 7.900e-08 6.071e-04]  [3 -19 56]
 NS 15-5  1.223e+01  [-248 3.561e-13 7.613e-11 6.937e-04]  [3 -17 54]
 NS 16-1  1.237e+01  [0 1.000e+00 2.330e+02 3.077e-04]  [2 -20 49]
 NS 16-2  1.253e+01  [-70 3.137e-04 7.310e-02 6.596e-04]  [3 -20 56]
 NS 16-3  1.269e+01  [-126 4.560e-07 1.062e-04 4.722e-04]  [3 -19 56]
 NS 16-4  1.284e+01  [-187 4.231e-10 9.859e-08 5.918e-04]  [3 -19 56]
 NS 16-5s 1.301e+01  [-247 4.264e-13 9.934e-11 6.655e-04]  [3 -17 54]
 NS 17-1  1.320e+01  [0 1.000e+00 2.522e+02 3.059e-04]  [2 -20 35]
 NS 17-2  1.336e+01  [-70 3.132e-04 7.897e-02 6.585e-04]  [3 -20 56]
 NS 17-3  1.352e+01  [-126 4.981e-07 1.256e-04 4.561e-04]  [3 -19 56]
 NS 17-4  1.368e+01  [-186 4.845e-10 1.222e-07 5.746e-04]  [3 -20 56]
 NS 17-5  1.384e+01  [-245 5.091e-13 1.284e-10 6.377e-04]  [3 -17 54]
 NS 18-1  1.398e+01  [0 1.000e+00 2.711e+02 3.041e-04]  [2 -20 50]
 NS 18-2  1.414e+01  [-70 3.128e-04 8.479e-02 6.570e-04]  [3 -20 57]
 NS 18-3  1.430e+01  [-125 5.424e-07 1.471e-04 4.424e-04]  [3 -19 56]
 NS 18-4  1.445e+01  [-185 5.554e-10 1.506e-07 5.611e-04]  [3 -20 57]
 NS 18-5s 1.462e+01  [-244 6.171e-13 1.673e-10 6.172e-04]  [3 -17 54]
 NS 19-1  1.481e+01  [0 1.000e+00 2.899e+02 3.029e-04]  [2 -20 35]
 NS 19-2  1.497e+01  [-70 3.131e-04 9.075e-02 6.562e-04]  [3 -20 56]
 NS 19-3  1.512e+01  [-124 5.910e-07 1.713e-04 4.284e-04]  [3 -19 56]
 NS 19-4  1.528e+01  [-183 6.382e-10 1.850e-07 5.503e-04]  [3 -20 56]
 NS 19-5  1.545e+01  [-242 7.504e-13 2.175e-10 5.951e-04]  [3 -17 54]
 NS 20-1  1.558e+01  [0 1.000e+00 3.084e+02 3.018e-04]  [2 -20 50]
 NS 20-2  1.574e+01  [-70 3.137e-04 9.675e-02 6.550e-04]  [3 -20 56]
 NS 20-3  1.590e+01  [-123 6.428e-07 1.982e-04 4.153e-04]  [3 -19 56]
 NS 20-4  1.606e+01  [-182 7.338e-10 2.263e-07 5.412e-04]  [3 -20 56]
 NS 20-5s 1.622e+01  [-240 9.161e-13 2.825e-10 5.780e-04]  [3 -18 53]
 NS 21-1  1.641e+01  [0 1.000e+00 3.266e+02 3.011e-04]  [2 -20 35]
 NS 21-2  1.656e+01  [-70 3.148e-04 1.028e-01 6.539e-04]  [3 -20 56]
 NS 21-3  1.672e+01  [-123 6.982e-07 2.281e-04 4.025e-04]  [3 -19 56]
 NS 21-4  1.688e+01  [-181 8.431e-10 2.754e-07 5.334e-04]  [3 -20 56]
 NS 21-5  1.704e+01  [-238 1.123e-12 3.668e-10 5.560e-04]  [3 -18 54]
 NS 22-1  1.718e+01  [0 1.000e+00 3.446e+02 3.006e-04]  [2 -20 49]
 NS 22-2  1.734e+01  [-69 3.163e-04 1.090e-01 6.526e-04]  [3 -20 56]
 NS 22-3  1.750e+01  [-122 7.570e-07 2.608e-04 3.902e-04]  [3 -19 56]
 NS 22-4  1.765e+01  [-180 9.660e-10 3.329e-07 5.276e-04]  [3 -19 56]
 NS 22-5s 1.782e+01  [-237 1.372e-12 4.729e-10 5.418e-04]  [3 -18 54]
 NS 23-1  1.801e+01  [0 1.000e+00 3.622e+02 3.003e-04]  [2 -20 36]
 NS 23-2  1.818e+01  [-69 3.182e-04 1.152e-01 6.512e-04]  [3 -20 60]
 NS 23-3  1.834e+01  [-121 8.192e-07 2.967e-04 3.779e-04]  [3 -19 56]
 NS 23-4  1.850e+01  [-179 1.106e-09 4.007e-07 5.218e-04]  [3 -19 56]
 NS 23-5  1.866e+01  [-235 1.676e-12 6.068e-10 5.279e-04]  [3 -18 54]
 NS 24-1  1.880e+01  [0 1.000e+00 3.794e+02 3.001e-04]  [2 -20 49]
 NS 24-2  1.896e+01  [-69 3.204e-04 1.216e-01 6.497e-04]  [3 -20 57]
 NS 24-3  1.911e+01  [-121 8.844e-07 3.356e-04 4.455e-04]  [3 -18 55]
 NS 24-4  1.927e+01  [-177 1.272e-09 4.828e-07 5.446e-04]  [3 -19 56]
 NS 24-5s 1.943e+01  [-233 2.183e-12 8.282e-10 5.232e-04]  [3 -18 54]
 NS 25-1  1.962e+01  [0 1.000e+00 3.963e+02 3.001e-04]  [2 -20 35]
 NS 25-2  1.978e+01  [-69 3.229e-04 1.280e-01 6.481e-04]  [3 -20 56]
 NS 25-3  1.993e+01  [-120 9.528e-07 3.776e-04 3.769e-04]  [3 -19 55]
 NS 25-4  2.009e+01  [-176 1.441e-09 5.710e-07 5.188e-04]  [3 -19 56]
 NS 25-5  2.026e+01  [-232 2.508e-12 9.938e-10 5.101e-04]  [3 -19 53]
 NS 26-1  2.039e+01  [0 1.000e+00 4.127e+02 3.002e-04]  [2 -20 49]
 NS 26-2  2.055e+01  [-69 3.257e-04 1.344e-01 6.464e-04]  [3 -20 56]
 NS 26-3  2.070e+01  [-119 1.025e-06 4.229e-04 3.385e-04]  [3 -19 53]
 NS 26-4  2.085e+01  [-175 1.652e-09 6.819e-07 5.579e-04]  [3 -18 55]
 NS 26-5s 2.102e+01  [-230 3.101e-12 1.280e-09 5.883e-04]  [3 -18 53]
 NS 27-1  2.120e+01  [0 1.000e+00 4.288e+02 3.005e-04]  [2 -20 35]
 NS 27-2  2.136e+01  [-69 3.288e-04 1.410e-01 6.446e-04]  [3 -20 57]
 NS 27-3  2.152e+01  [-119 1.100e-06 4.717e-04 3.386e-04]  [3 -19 54]
 NS 27-4  2.167e+01  [-174 1.888e-09 8.093e-07 5.054e-04]  [3 -18 56]
 NS 27-5  2.184e+01  [-228 3.787e-12 1.624e-09 4.949e-04]  [3 -19 54]
 NS 28-1  2.197e+01  [0 1.000e+00 4.444e+02 3.009e-04]  [2 -20 50]
 NS 28-2  2.214e+01  [-69 3.322e-04 1.476e-01 6.427e-04]  [3 -20 54]
 NS 28-3  2.229e+01  [-118 1.180e-06 5.241e-04 3.205e-04]  [3 -19 56]
 NS 28-4  2.244e+01  [-173 2.117e-09 9.409e-07 4.945e-04]  [3 -18 54]
 NS 28-5s 2.261e+01  [-227 4.387e-12 1.949e-09 4.910e-04]  [3 -19 54]
 NS 29-1  2.280e+01  [0 1.000e+00 4.595e+02 3.013e-04]  [2 -20 36]
 NS 29-2  2.296e+01  [-69 3.357e-04 1.543e-01 6.408e-04]  [3 -20 57]
 NS 29-3  2.311e+01  [-117 1.263e-06 5.802e-04 3.146e-04]  [3 -19 54]
 NS 29-4  2.326e+01  [-172 2.377e-09 1.092e-06 4.773e-04]  [3 -18 56]
 NS 29-5  2.343e+01  [-225 5.128e-12 2.356e-09 4.927e-04]  [3 -19 54]
 NS 30-1  2.357e+01  [0 1.000e+00 4.742e+02 3.018e-04]  [2 -19 50]
 NS 30-2  2.372e+01  [-69 3.395e-04 1.610e-01 6.385e-04]  [3 -20 56]
 NS 30-3  2.388e+01  [-117 1.348e-06 6.393e-04 3.132e-04]  [3 -19 55]
 NS 30-4  2.403e+01  [-171 2.667e-09 1.265e-06 4.804e-04]  [3 -18 56]
 NS 30-5s 2.420e+01  [-224 6.135e-12 2.909e-09 4.921e-04]  [3 -19 54]
 NS 31-1  2.439e+01  [0 1.000e+00 4.884e+02 3.025e-04]  [2 -19 35]
 NS 31-2  2.454e+01  [-69 3.435e-04 1.677e-01 6.365e-04]  [3 -20 56]
 NS 31-3  2.470e+01  [-116 1.438e-06 7.024e-04 2.948e-04]  [3 -19 56]
 NS 31-4  2.485e+01  [-170 3.004e-09 1.467e-06 4.598e-04]  [3 -17 56]
 NS 31-5  2.502e+01  [-222 7.261e-12 3.547e-09 4.883e-04]  [3 -19 53]
 NS 32-1  2.516e+01  [0 1.000e+00 5.021e+02 3.032e-04]  [2 -19 49]
 NS 32-2  2.532e+01  [-69 3.476e-04 1.746e-01 6.344e-04]  [3 -20 56]
 NS 32-3  2.547e+01  [-116 1.531e-06 7.690e-04 2.885e-04]  [3 -19 55]
 NS 32-4  2.562e+01  [-169 3.354e-09 1.684e-06 4.856e-04]  [3 -17 55]
 NS 32-5s 2.579e+01  [-221 8.513e-12 4.275e-09 4.922e-04]  [3 -19 54]
 NS 33-1  2.598e+01  [0 1.000e+00 5.153e+02 3.040e-04]  [2 -19 36]
 NS 33-2  2.614e+01  [-69 3.520e-04 1.814e-01 6.324e-04]  [3 -20 56]
 NS 33-3  2.629e+01  [-115 1.628e-06 8.388e-04 2.820e-04]  [3 -19 56]
 NS 33-4  2.644e+01  [-168 3.735e-09 1.925e-06 4.905e-04]  [3 -16 56]
 NS 33-5  2.661e+01  [-220 9.970e-12 5.138e-09 4.918e-04]  [3 -19 54]
 NS 34-1  2.674e+01  [0 1.000e+00 5.280e+02 3.049e-04]  [2 -19 48]
 NS 34-2  2.690e+01  [-68 3.565e-04 1.882e-01 6.304e-04]  [3 -19 56]
 NS 34-3  2.706e+01  [-115 1.727e-06 9.118e-04 2.765e-04]  [3 -19 55]
 NS 34-4  2.721e+01  [-167 4.151e-09 2.191e-06 4.920e-04]  [3 -16 55]
 NS 34-5s 2.737e+01  [-218 1.164e-11 6.144e-09 4.903e-04]  [3 -19 54]
 NS 35-1  2.756e+01  [0 1.000e+00 5.401e+02 3.058e-04]  [2 -19 36]
 NS 35-2  2.772e+01  [-68 3.611e-04 1.951e-01 6.287e-04]  [3 -19 56]
 NS 35-3  2.787e+01  [-114 1.831e-06 9.887e-04 2.723e-04]  [3 -19 55]
 NS 35-4  2.803e+01  [-166 4.604e-09 2.487e-06 4.896e-04]  [3 -16 56]
 NS 35-5  2.819e+01  [-217 1.352e-11 7.301e-09 4.882e-04]  [3 -19 54]
 NS 36-1  2.833e+01  [0 1.000e+00 5.517e+02 3.068e-04]  [2 -19 49]
 NS 36-2  2.848e+01  [-68 3.658e-04 2.018e-01 6.265e-04]  [3 -19 56]
 NS 36-3  2.863e+01  [-114 1.935e-06 1.067e-03 3.382e-04]  [3 -17 53]
 NS 36-4  2.879e+01  [-165 5.162e-09 2.848e-06 4.192e-04]  [3 -17 56]
 NS 36-5s 2.895e+01  [-215 1.685e-11 9.298e-09 4.637e-04]  [3 -19 53]
 NS 37-1  2.914e+01  [0 1.000e+00 5.627e+02 3.078e-04]  [2 -19 35]
 NS 37-2  2.930e+01  [-68 3.707e-04 2.086e-01 6.245e-04]  [3 -19 56]
 NS 37-3  2.945e+01  [-113 2.045e-06 1.151e-03 3.652e-04]  [3 -17 53]
 NS 37-4  2.960e+01  [-164 5.708e-09 3.212e-06 4.177e-04]  [3 -17 56]
 NS 37-5  2.977e+01  [-214 1.966e-11 1.106e-08 4.571e-04]  [3 -19 54]
 NS 38-1  2.990e+01  [0 1.000e+00 5.731e+02 3.089e-04]  [2 -19 48]
 NS 38-2  3.006e+01  [-68 3.756e-04 2.153e-01 6.228e-04]  [3 -19 56]
 NS 38-3  3.021e+01  [-113 2.159e-06 1.237e-03 3.877e-04]  [3 -16 54]
 NS 38-4  3.036e+01  [-164 6.293e-09 3.607e-06 4.157e-04]  [3 -16 55]
 NS 38-5s 3.052e+01  [-212 2.275e-11 1.304e-08 4.496e-04]  [3 -18 54]
 NS 39-1  3.071e+01  [0 1.000e+00 5.830e+02 3.100e-04]  [2 -19 34]
 NS 39-2  3.087e+01  [-68 3.806e-04 2.219e-01 6.210e-04]  [3 -19 56]
 NS 39-3  3.102e+01  [-112 2.277e-06 1.327e-03 2.745e-04]  [3 -19 55]
 NS 39-4  3.118e+01  [-163 6.846e-09 3.991e-06 3.787e-04]  [3 -16 56]
 NS 39-5  3.134e+01  [-212 2.442e-11 1.424e-08 4.393e-04]  [3 -18 53]
 NS 40-1  3.147e+01  [0 1.000e+00 5.923e+02 3.111e-04]  [2 -19 48]
 NS 40-2  3.163e+01  [-68 3.857e-04 2.284e-01 6.193e-04]  [3 -19 56]
 NS 40-3  3.179e+01  [-112 2.399e-06 1.421e-03 2.667e-04]  [3 -19 55]
 NS 40-4  3.194e+01  [-162 7.496e-09 4.440e-06 3.709e-04]  [3 -16 56]
 NS 40-5s 3.211e+01  [-211 2.770e-11 1.641e-08 4.312e-04]  [3 -18 54]
 NS 41-1  3.229e+01  [0 1.000e+00 6.009e+02 3.123e-04]  [2 -19 35]
 NS 41-2  3.245e+01  [-68 3.908e-04 2.349e-01 6.166e-04]  [3 -19 55]
 NS 41-3  3.260e+01  [-111 2.525e-06 1.517e-03 2.582e-04]  [3 -19 54]
 NS 41-4  3.275e+01  [-161 8.180e-09 4.916e-06 3.641e-04]  [3 -16 56]
 NS 41-5  3.292e+01  [-210 3.121e-11 1.875e-08 4.240e-04]  [3 -18 53]
 NS 42-1  3.305e+01  [0 1.000e+00 6.090e+02 3.135e-04]  [2 -19 48]
 NS 42-2  3.321e+01  [-68 3.959e-04 2.411e-01 6.173e-04]  [3 -19 56]
 NS 42-3  3.336e+01  [-111 2.657e-06 1.618e-03 2.593e-04]  [3 -19 54]
 NS 42-4  3.354e+01  [-160 8.927e-09 5.437e-06 3.550e-04]  [3 -16 56]
 NS 42-5s 3.373e+01  [-208 3.557e-11 2.166e-08 4.145e-04]  [3 -18 56]
 NS 43-1  3.392e+01  [0 1.000e+00 6.165e+02 3.148e-04]  [2 -19 34]
 NS 43-2  3.408e+01  [-67 4.011e-04 2.473e-01 6.152e-04]  [3 -19 56]
 NS 43-3  3.424e+01  [-111 2.786e-06 1.718e-03 2.536e-04]  [3 -19 56]
 NS 43-4  3.439e+01  [-160 9.697e-09 5.978e-06 3.550e-04]  [3 -16 56]
 NS 43-5  3.456e+01  [-207 4.000e-11 2.466e-08 4.062e-04]  [3 -18 53]
 NS 44-1  3.469e+01  [0 1.000e+00 6.233e+02 3.161e-04]  [2 -19 49]
 NS 44-2  3.485e+01  [-67 4.063e-04 2.533e-01 6.138e-04]  [3 -19 56]
 NS 44-3  3.500e+01  [-110 2.919e-06 1.819e-03 2.519e-04]  [3 -19 55]
 NS 44-4  3.516e+01  [-159 1.051e-08 6.550e-06 3.529e-04]  [3 -16 55]
 NS 44-5s 3.532e+01  [-206 4.507e-11 2.809e-08 3.973e-04]  [3 -18 54]
 NS 45-1  3.551e+01  [0 1.000e+00 6.295e+02 3.174e-04]  [2 -19 35]
 NS 45-2  3.567e+01  [-67 4.116e-04 2.591e-01 6.126e-04]  [3 -19 56]
 NS 45-3  3.582e+01  [-110 3.054e-06 1.923e-03 2.515e-04]  [3 -19 55]
 NS 45-4  3.598e+01  [-158 1.137e-08 7.156e-06 3.514e-04]  [3 -16 56]
 NS 45-5  3.614e+01  [-205 5.071e-11 3.192e-08 3.893e-04]  [3 -17 53]
 NS 46-1  3.628e+01  [0 1.000e+00 6.351e+02 3.186e-04]  [2 -19 46]
 NS 46-2  3.644e+01  [-67 4.167e-04 2.646e-01 6.256e-04]  [3 -19 56]
 NS 46-3  3.659e+01  [-109 3.195e-06 2.029e-03 2.524e-04]  [3 -19 55]
 NS 46-4  3.676e+01  [-158 1.231e-08 7.818e-06 3.510e-04]  [3 -16 58]
 NS 46-5s 3.692e+01  [-204 5.746e-11 3.649e-08 3.793e-04]  [3 -17 54]
 NS 47-1  3.711e+01  [0 1.000e+00 6.400e+02 3.201e-04]  [2 -19 35]
 NS 47-2  3.727e+01  [-67 4.220e-04 2.701e-01 6.099e-04]  [3 -19 55]
 NS 47-3  3.743e+01  [-109 3.333e-06 2.133e-03 2.541e-04]  [3 -19 58]
 NS 47-4  3.759e+01  [-157 1.323e-08 8.470e-06 3.493e-04]  [3 -16 56]
 NS 47-5  3.776e+01  [-203 6.379e-11 4.083e-08 3.745e-04]  [3 -17 54]
 NS 48-1  3.789e+01  [0 1.000e+00 6.443e+02 3.215e-04]  [2 -19 49]
 NS 48-2  3.805e+01  [-67 4.273e-04 2.753e-01 6.057e-04]  [3 -19 55]
 NS 48-3  3.820e+01  [-109 3.476e-06 2.240e-03 2.575e-04]  [3 -19 55]
 NS 48-4  3.836e+01  [-156 1.422e-08 9.161e-06 3.485e-04]  [3 -16 56]
 NS 48-5s 3.852e+01  [-202 7.094e-11 4.571e-08 4.002e-04]  [3 -17 52]
 NS 49-1  3.871e+01  [0 1.000e+00 6.480e+02 3.228e-04]  [2 -19 36]
 NS 49-2  3.886e+01  [-67 4.325e-04 2.803e-01 6.079e-04]  [3 -19 56]
 NS 49-3  3.902e+01  [-108 3.623e-06 2.348e-03 2.598e-04]  [3 -19 55]
 NS 49-4  3.918e+01  [-156 1.530e-08 9.912e-06 3.488e-04]  [3 -16 56]
 NS 49-5  3.934e+01  [-201 7.948e-11 5.150e-08 4.219e-04]  [3 -16 52]
 NS 50-1  3.947e+01  [0 1.000e+00 6.510e+02 3.242e-04]  [2 -19 49]
 NS 50-2  3.963e+01  [-67 4.377e-04 2.850e-01 6.068e-04]  [3 -19 56]
 NS 50-3  3.978e+01  [-108 3.772e-06 2.455e-03 2.635e-04]  [3 -19 55]
 NS 50-4  3.994e+01  [-155 1.640e-08 1.068e-05 3.485e-04]  [3 -16 56]
 NS 50-5s 4.010e+01  [-201 8.830e-11 5.749e-08 3.997e-04]  [3 -17 52]
 NS 51-1  4.029e+01  [0 1.000e+00 6.534e+02 3.256e-04]  [2 -19 35]
 NS 51-2  4.044e+01  [-67 4.430e-04 2.894e-01 6.057e-04]  [3 -19 55]
 NS 51-3  4.060e+01  [-108 3.921e-06 2.562e-03 2.675e-04]  [3 -19 56]
 NS 51-4  4.075e+01  [-155 1.756e-08 1.147e-05 3.487e-04]  [3 -17 56]
 NS 51-5  4.091e+01  [-200 9.775e-11 6.386e-08 3.792e-04]  [3 -17 51]
 NS 52-1  4.104e+01  [0 1.000e+00 6.551e+02 3.270e-04]  [2 -19 49]
 NS 52-2  4.120e+01  [-66 4.483e-04 2.937e-01 6.049e-04]  [3 -19 56]
 NS 52-3  4.135e+01  [-107 4.070e-06 2.666e-03 2.722e-04]  [3 -19 55]
 NS 52-4  4.151e+01  [-154 1.878e-08 1.230e-05 3.486e-04]  [3 -17 56]
 NS 52-5s 4.167e+01  [-199 1.081e-10 7.080e-08 3.672e-04]  [3 -17 52]
 NS 53-1  4.186e+01  [0 1.000e+00 6.562e+02 3.284e-04]  [2 -19 37]
 NS 53-2  4.202e+01  [-66 4.535e-04 2.976e-01 6.039e-04]  [3 -19 57]
 NS 53-3  4.217e+01  [-107 4.220e-06 2.769e-03 2.771e-04]  [3 -19 55]
 NS 53-4  4.233e+01  [-153 2.007e-08 1.317e-05 3.487e-04]  [3 -17 56]
 NS 53-5  4.249e+01  [-198 1.191e-10 7.818e-08 3.549e-04]  [3 -17 51]
 NS 54-1  4.263e+01  [0 1.000e+00 6.566e+02 3.298e-04]  [2 -19 49]
 NS 54-2  4.278e+01  [-66 4.589e-04 3.013e-01 6.028e-04]  [3 -19 56]
 NS 54-3  4.294e+01  [-107 4.369e-06 2.869e-03 2.822e-04]  [3 -18 55]
 NS 54-4  4.310e+01  [-153 2.140e-08 1.405e-05 3.488e-04]  [3 -17 57]
 NS 54-5s 4.325e+01  [-197 1.309e-10 8.595e-08 3.456e-04]  [3 -17 52]
 NS 55-1  4.344e+01  [0 1.000e+00 6.564e+02 3.312e-04]  [2 -19 35]
 NS 55-2  4.360e+01  [-66 4.642e-04 3.047e-01 6.016e-04]  [3 -19 56]
 NS 55-3  4.376e+01  [-106 4.519e-06 2.966e-03 2.872e-04]  [3 -18 55]
 NS 55-4  4.391e+01  [-152 2.279e-08 1.496e-05 4.212e-04]  [3 -15 55]
 NS 55-5  4.408e+01  [-196 1.435e-10 9.419e-08 3.555e-04]  [3 -17 53]
 NS 56-1  4.421e+01  [0 1.000e+00 6.555e+02 3.326e-04]  [2 -19 48]
 NS 56-2  4.437e+01  [-66 4.697e-04 3.079e-01 6.003e-04]  [3 -19 56]
 NS 56-3  4.453e+01  [-106 4.670e-06 3.061e-03 2.924e-04]  [3 -18 55]
 NS 56-4  4.468e+01  [-152 2.424e-08 1.589e-05 4.168e-04]  [3 -15 55]
 NS 56-5s 4.484e+01  [-196 1.569e-10 1.029e-07 3.436e-04]  [3 -18 52]
 NS 57-1  4.503e+01  [0 1.000e+00 6.540e+02 3.339e-04]  [2 -19 36]
 NS 57-2  4.519e+01  [-66 4.752e-04 3.108e-01 5.989e-04]  [3 -19 56]
 NS 57-3  4.534e+01  [-106 4.821e-06 3.153e-03 2.969e-04]  [3 -18 55]
 NS 57-4  4.550e+01  [-151 2.576e-08 1.685e-05 4.113e-04]  [3 -16 55]
 NS 57-5  4.566e+01  [-195 1.714e-10 1.121e-07 3.365e-04]  [3 -18 53]
 NS 58-1  4.579e+01  [0 1.000e+00 6.518e+02 3.353e-04]  [2 -19 49]
 NS 58-2  4.595e+01  [-66 4.808e-04 3.134e-01 5.974e-04]  [3 -19 56]
 NS 58-3  4.610e+01  [-106 4.974e-06 3.242e-03 3.011e-04]  [3 -18 55]
 NS 58-4  4.626e+01  [-151 2.734e-08 1.782e-05 4.046e-04]  [3 -16 55]
 NS 58-5s 4.642e+01  [-194 1.869e-10 1.218e-07 3.344e-04]  [3 -18 52]
 NS 59-1  4.660e+01  [0 1.000e+00 6.491e+02 3.366e-04]  [2 -19 35]
 NS 59-2  4.676e+01  [-66 4.865e-04 3.158e-01 5.957e-04]  [3 -19 55]
 NS 59-3  4.691e+01  [-105 5.128e-06 3.329e-03 3.050e-04]  [3 -18 55]
 NS 59-4  4.707e+01  [-150 2.900e-08 1.882e-05 3.972e-04]  [3 -16 54]
 NS 59-5  4.722e+01  [-193 2.036e-10 1.322e-07 3.363e-04]  [3 -18 53]
 NS 60-1  4.736e+01  [0 1.000e+00 6.456e+02 3.379e-04]  [2 -19 49]
 NS 60-2  4.751e+01  [-66 4.924e-04 3.179e-01 5.947e-04]  [3 -18 54]
 NS 60-3  4.766e+01  [-105 5.286e-06 3.413e-03 2.802e-04]  [3 -18 55]
 NS 60-4  4.782e+01  [-150 3.081e-08 1.989e-05 4.107e-04]  [3 -16 55]
 NS 60-5s 4.797e+01  [-192 2.248e-10 1.451e-07 3.811e-04]  [3 -17 50]
 NS 61-1  4.815e+01  [0 1.000e+00 6.416e+02 3.393e-04]  [2 -19 35]
 NS 61-2  4.832e+01  [-66 4.985e-04 3.198e-01 5.925e-04]  [3 -18 58]
 NS 61-3  4.847e+01  [-105 5.446e-06 3.494e-03 2.832e-04]  [3 -18 55]
 NS 61-4  4.862e+01  [-149 3.259e-08 2.091e-05 3.967e-04]  [3 -16 55]
 NS 61-5  4.877e+01  [-192 2.439e-10 1.565e-07 3.490e-04]  [3 -18 49]
 NS 62-1  4.890e+01  [0 1.000e+00 6.369e+02 3.406e-04]  [2 -19 49]
 NS 62-2  4.905e+01  [-65 5.048e-04 3.215e-01 5.903e-04]  [3 -18 54]
 NS 62-3  4.921e+01  [-105 5.607e-06 3.571e-03 2.890e-04]  [3 -18 55]
 NS 62-4  4.936e+01  [-149 3.442e-08 2.192e-05 3.851e-04]  [3 -16 55]
 NS 62-5s 4.952e+01  [-191 2.643e-10 1.683e-07 3.457e-04]  [3 -18 52]
 NS 63-1  4.970e+01  [0 1.000e+00 6.316e+02 3.418e-04]  [2 -19 35]
 NS 63-2  4.985e+01  [-65 5.113e-04 3.229e-01 5.876e-04]  [3 -18 53]
 NS 63-3  5.000e+01  [-104 5.769e-06 3.644e-03 2.987e-04]  [3 -18 55]
 NS 63-4  5.016e+01  [-148 3.630e-08 2.293e-05 3.750e-04]  [3 -16 55]
 NS 63-5  5.031e+01  [-190 2.853e-10 1.802e-07 3.542e-04]  [3 -18 51]
 NS 64-1  5.044e+01  [0 1.000e+00 6.257e+02 3.430e-04]  [2 -19 48]
 NS 64-2  5.059e+01  [-65 5.180e-04 3.241e-01 5.848e-04]  [3 -18 54]
 NS 64-3  5.074e+01  [-104 5.931e-06 3.711e-03 3.109e-04]  [3 -18 55]
 NS 64-4  5.090e+01  [-148 3.823e-08 2.392e-05 3.691e-04]  [3 -16 55]
 NS 64-5s 5.105e+01  [-190 3.067e-10 1.919e-07 3.573e-04]  [3 -18 50]
 NS 65-1  5.123e+01  [0 1.000e+00 6.192e+02 3.442e-04]  [2 -19 35]
 NS 65-2  5.138e+01  [-65 5.250e-04 3.251e-01 5.819e-04]  [3 -18 55]
 NS 65-3  5.153e+01  [-104 6.092e-06 3.772e-03 3.254e-04]  [3 -17 55]
 NS 65-4  5.169e+01  [-147 4.015e-08 2.486e-05 3.692e-04]  [3 -17 55]
 NS 65-5  5.184e+01  [-189 3.274e-10 2.027e-07 3.596e-04]  [3 -18 50]
 NS 66-1  5.197e+01  [0 1.000e+00 6.121e+02 3.454e-04]  [2 -19 49]
 NS 66-2  5.213e+01  [-65 5.323e-04 3.258e-01 5.763e-04]  [3 -18 56]
 NS 66-3  5.228e+01  [-104 6.254e-06 3.828e-03 3.217e-04]  [3 -17 55]
 NS 66-4  5.243e+01  [-147 4.212e-08 2.578e-05 3.644e-04]  [3 -17 54]
 NS 66-5s 5.258e+01  [-189 3.488e-10 2.135e-07 3.633e-04]  [3 -18 50]
 NS 67-1  5.277e+01  [0 1.000e+00 6.044e+02 3.465e-04]  [2 -19 35]
 NS 67-2  5.292e+01  [-65 5.398e-04 3.263e-01 5.738e-04]  [3 -18 55]
 NS 67-3  5.307e+01  [-103 6.415e-06 3.877e-03 3.434e-04]  [3 -17 55]
 NS 67-4  5.322e+01  [-147 4.420e-08 2.671e-05 3.691e-04]  [3 -17 54]
 NS 67-5  5.337e+01  [-188 3.692e-10 2.232e-07 3.668e-04]  [3 -18 49]
 NS 68-1  5.350e+01  [0 1.000e+00 5.961e+02 3.476e-04]  [2 -19 48]
 NS 68-2  5.365e+01  [-65 5.478e-04 3.265e-01 5.711e-04]  [3 -18 54]
 NS 68-3  5.381e+01  [-103 6.572e-06 3.917e-03 3.632e-04]  [3 -17 56]
 NS 68-4  5.396e+01  [-146 4.628e-08 2.759e-05 3.801e-04]  [3 -17 54]
 NS 68-5s 5.411e+01  [-188 3.885e-10 2.316e-07 3.792e-04]  [3 -17 50]
 NS 69-1  5.429e+01  [0 1.000e+00 5.872e+02 3.486e-04]  [2 -19 35]
 NS 69-2  5.445e+01  [-65 5.560e-04 3.265e-01 5.691e-04]  [3 -18 56]
 NS 69-3  5.460e+01  [-103 6.730e-06 3.952e-03 3.836e-04]  [3 -17 55]
 NS 69-4  5.476e+01  [-146 4.841e-08 2.843e-05 3.943e-04]  [3 -16 54]
 NS 69-5  5.491e+01  [-187 4.060e-10 2.384e-07 3.544e-04]  [3 -18 50]
 NS 70-1  5.504e+01  [0 1.000e+00 5.778e+02 3.495e-04]  [2 -19 48]
 NS 70-2  5.520e+01  [-64 5.646e-04 3.262e-01 5.673e-04]  [3 -18 56]
 NS 70-3  5.535e+01  [-103 6.887e-06 3.979e-03 4.008e-04]  [3 -16 54]
 NS 70-4  5.550e+01  [-145 5.055e-08 2.921e-05 4.102e-04]  [3 -16 55]
 NS 70-5s 5.566e+01  [-187 4.217e-10 2.436e-07 3.453e-04]  [3 -18 51]
 NS 71-1  5.584e+01  [0 1.000e+00 5.678e+02 3.503e-04]  [2 -19 34]
 NS 71-2  5.600e+01  [-64 5.735e-04 3.256e-01 5.673e-04]  [3 -18 56]
 NS 71-3  5.615e+01  [-103 7.040e-06 3.997e-03 3.091e-04]  [3 -18 55]
 NS 71-4  5.631e+01  [-145 5.256e-08 2.985e-05 3.510e-04]  [3 -17 55]
 NS 71-5  5.645e+01  [-187 4.348e-10 2.469e-07 3.528e-04]  [3 -18 47]
 NS 72-1  5.658e+01  [0 1.000e+00 5.573e+02 3.511e-04]  [2 -19 49]
 NS 72-2  5.674e+01  [-64 5.827e-04 3.248e-01 5.625e-04]  [3 -18 54]
 NS 72-3  5.689e+01  [-102 7.197e-06 4.011e-03 4.210e-04]  [3 -16 54]
 NS 72-4  5.704e+01  [-145 5.466e-08 3.046e-05 3.939e-04]  [3 -16 55]
 NS 72-5s 5.720e+01  [-187 4.461e-10 2.486e-07 3.370e-04]  [3 -18 51]
 NS 73-1  5.738e+01  [0 1.000e+00 5.462e+02 3.521e-04]  [2 -19 36]
 NS 73-2  5.753e+01  [-64 5.925e-04 3.236e-01 5.524e-04]  [3 -18 54]
 NS 73-3  5.768e+01  [-102 7.346e-06 4.012e-03 4.283e-04]  [3 -16 54]
 NS 73-4  5.783e+01  [-144 5.667e-08 3.095e-05 3.895e-04]  [3 -17 54]
 NS 73-5  5.799e+01  [-186 4.585e-10 2.505e-07 3.452e-04]  [3 -17 50]
 NS 74-1  5.812e+01  [0 1.000e+00 5.347e+02 3.528e-04]  [2 -19 48]
 NS 74-2  5.828e+01  [-64 6.025e-04 3.221e-01 5.464e-04]  [3 -18 51]
 NS 74-3  5.843e+01  [-102 7.503e-06 4.011e-03 3.153e-04]  [3 -18 56]
 NS 74-4  5.859e+01  [-144 5.879e-08 3.143e-05 3.717e-04]  [3 -17 55]
 NS 74-5s 5.874e+01  [-186 4.761e-10 2.546e-07 3.438e-04]  [3 -17 50]
 NS 75-1  5.892e+01  [0 1.000e+00 5.226e+02 3.535e-04]  [2 -19 35]
 NS 75-2  5.907e+01  [-64 6.128e-04 3.202e-01 6.223e-04]  [3 -17 55]
 NS 75-3  5.923e+01  [-102 7.665e-06 4.005e-03 3.205e-04]  [3 -17 56]
 NS 75-4  5.939e+01  [-144 6.191e-08 3.235e-05 3.557e-04]  [3 -17 56]
 NS 75-5  5.955e+01  [-185 5.106e-10 2.668e-07 3.080e-04]  [3 -18 53]
 NS 76-1  5.968e+01  [0 1.000e+00 5.100e+02 3.540e-04]  [2 -19 50]
 NS 76-2  5.983e+01  [-64 6.235e-04 3.180e-01 5.821e-04]  [3 -17 55]
 NS 76-3  5.999e+01  [-102 7.817e-06 3.987e-03 3.163e-04]  [3 -18 55]
 NS 76-4  6.013e+01  [-143 6.343e-08 3.235e-05 4.051e-04]  [3 -16 53]
 NS 76-5s 6.030e+01  [-185 5.200e-10 2.652e-07 2.913e-04]  [3 -18 54]
 NS 77-1  6.048e+01  [0 1.000e+00 4.969e+02 3.535e-04]  [2 -19 34]
 NS 77-2  6.063e+01  [-63 6.339e-04 3.150e-01 7.370e-04]  [3 -17 55]
 NS 77-3  6.078e+01  [-101 8.010e-06 3.980e-03 3.151e-04]  [3 -18 56]
 NS 77-4  6.093e+01  [-143 6.622e-08 3.290e-05 4.414e-04]  [3 -16 53]
 NS 77-5  6.109e+01  [-185 5.472e-10 2.719e-07 3.314e-04]  [3 -17 52]
 NS 78-1  6.121e+01  [0 1.000e+00 4.834e+02 3.540e-04]  [2 -19 46]
 NS 78-2  6.136e+01  [-63 6.454e-04 3.120e-01 6.712e-04]  [3 -17 54]
 NS 78-3  6.152e+01  [-101 8.155e-06 3.942e-03 3.448e-04]  [3 -17 55]
 NS 78-4  6.167e+01  [-143 6.842e-08 3.307e-05 4.171e-04]  [3 -16 54]
 NS 78-5s 6.183e+01  [-185 5.598e-10 2.706e-07 2.696e-04]  [3 -18 52]
 NS 79-1  6.201e+01  [0 1.000e+00 4.694e+02 3.544e-04]  [2 -19 33]
 NS 79-2  6.215e+01  [-63 6.572e-04 3.085e-01 5.868e-04]  [3 -18 53]
 NS 79-3  6.231e+01  [-101 8.299e-06 3.895e-03 3.111e-04]  [3 -18 56]
 NS 79-4  6.245e+01  [-143 7.007e-08 3.289e-05 4.138e-04]  [3 -16 52]
 NS 79-5  6.261e+01  [-184 5.720e-10 2.685e-07 3.150e-04]  [3 -17 52]
 NS 80-1  6.274e+01  [0 1.000e+00 4.549e+02 3.548e-04]  [2 -19 46]
 NS 80-2  6.289e+01  [-63 6.693e-04 3.045e-01 5.304e-04]  [3 -18 55]
 NS 80-3  6.305e+01  [-101 8.440e-06 3.840e-03 3.137e-04]  [3 -17 56]
 NS 80-4  6.320e+01  [-142 7.123e-08 3.241e-05 3.748e-04]  [3 -16 55]
 NS 80-5s 6.336e+01  [-184 5.793e-10 2.636e-07 2.710e-04]  [3 -18 53]
 NS 81-1  6.354e+01  [0 1.000e+00 4.401e+02 3.551e-04]  [2 -19 33]
 NS 81-2  6.370e+01  [-63 6.817e-04 3.000e-01 5.514e-04]  [3 -17 55]
 NS 81-3  6.385e+01  [-101 8.569e-06 3.771e-03 3.082e-04]  [3 -17 56]
 NS 81-4  6.401e+01  [-142 7.199e-08 3.168e-05 3.691e-04]  [3 -17 55]
 NS 81-5  6.418e+01  [-184 5.880e-10 2.588e-07 2.688e-04]  [3 -18 53]
 NS 82-1  6.431e+01  [0 1.000e+00 4.248e+02 3.553e-04]  [2 -19 43]
 NS 82-2  6.447e+01  [-63 6.941e-04 2.948e-01 6.170e-04]  [3 -16 55]
 NS 82-3  6.462e+01  [-101 8.698e-06 3.695e-03 3.035e-04]  [3 -17 56]
 NS 82-4  6.478e+01  [-142 7.277e-08 3.091e-05 3.416e-04]  [3 -17 57]
 NS 82-5s 6.494e+01  [-184 6.020e-10 2.557e-07 2.694e-04]  [3 -17 53]
 NS 83-1  6.512e+01  [0 1.000e+00 4.091e+02 3.553e-04]  [2 -19 32]
 NS 83-2  6.527e+01  [-63 7.065e-04 2.890e-01 4.968e-04]  [3 -18 51]
 NS 83-3  6.542e+01  [-101 8.812e-06 3.605e-03 3.203e-04]  [3 -17 56]
 NS 83-4  6.557e+01  [-142 7.495e-08 3.066e-05 4.036e-04]  [3 -16 53]
 NS 83-5  6.574e+01  [-184 6.285e-10 2.571e-07 2.690e-04]  [3 -17 55]
 NS 84-1  6.587e+01  [0 1.000e+00 3.930e+02 3.552e-04]  [2 -19 47]
 NS 84-2  6.602e+01  [-62 7.188e-04 2.825e-01 5.510e-04]  [3 -17 54]
 NS 84-3  6.617e+01  [-100 8.929e-06 3.510e-03 4.425e-04]  [3 -16 54]
 NS 84-4  6.632e+01  [-142 7.865e-08 3.091e-05 3.639e-04]  [3 -17 56]
 NS 84-5s 6.649e+01  [-183 6.649e-10 2.613e-07 2.810e-04]  [3 -17 53]
 NS 85-1  6.667e+01  [0 1.000e+00 3.766e+02 3.550e-04]  [2 -19 34]
 NS 85-2  6.682e+01  [-62 7.308e-04 2.752e-01 4.844e-04]  [3 -18 55]
 NS 85-3  6.698e+01  [-100 9.027e-06 3.400e-03 3.211e-04]  [3 -17 56]
 NS 85-4  6.713e+01  [-141 7.971e-08 3.002e-05 3.418e-04]  [3 -17 55]
 NS 85-5  6.730e+01  [-183 6.680e-10 2.516e-07 2.745e-04]  [3 -17 54]
 NS 86-1  6.742e+01  [0 1.000e+00 3.598e+02 3.546e-04]  [2 -19 45]
 NS 86-2  6.758e+01  [-62 7.425e-04 2.671e-01 4.935e-04]  [3 -18 56]
 NS 86-3  6.774e+01  [-100 9.126e-06 3.284e-03 3.196e-04]  [3 -17 56]
 NS 86-4  6.790e+01  [-141 8.122e-08 2.922e-05 3.428e-04]  [3 -17 56]
 NS 86-5s 6.806e+01  [-183 6.969e-10 2.507e-07 2.730e-04]  [3 -17 53]
 NS 87-1  6.825e+01  [0 1.000e+00 3.427e+02 3.540e-04]  [2 -19 31]
 NS 87-2  6.840e+01  [-62 7.534e-04 2.581e-01 5.098e-04]  [3 -18 56]
 NS 87-3  6.856e+01  [-100 9.201e-06 3.153e-03 3.178e-04]  [3 -17 56]
 NS 87-4  6.871e+01  [-141 8.229e-08 2.820e-05 3.440e-04]  [3 -17 56]
 NS 87-5  6.888e+01  [-182 7.256e-10 2.486e-07 2.713e-04]  [3 -17 53]
 NS 88-1  6.900e+01  [0 1.000e+00 3.252e+02 3.531e-04]  [2 -19 47]
 NS 88-2  6.916e+01  [-62 7.631e-04 2.482e-01 5.352e-04]  [3 -18 55]
 NS 88-3  6.931e+01  [-100 9.250e-06 3.008e-03 3.145e-04]  [3 -17 56]
 NS 88-4  6.947e+01  [-141 8.320e-08 2.706e-05 3.460e-04]  [3 -17 55]
 NS 88-5s 6.963e+01  [-182 7.507e-10 2.441e-07 2.698e-04]  [3 -17 54]
 NS 89-1  6.982e+01  [0 1.000e+00 3.074e+02 3.503e-04]  [2 -19 35]
 NS 89-2  6.997e+01  [-62 7.706e-04 2.369e-01 4.527e-04]  [3 -18 56]
 NS 89-3  7.013e+01  [-100 9.305e-06 2.861e-03 3.195e-04]  [3 -17 56]
 NS 89-4  7.028e+01  [-141 8.494e-08 2.612e-05 3.392e-04]  [3 -17 56]
 NS 89-5  7.045e+01  [-182 7.751e-10 2.383e-07 2.788e-04]  [3 -17 54]
 NS 90-1  7.058e+01  [0 1.000e+00 2.894e+02 3.485e-04]  [2 -19 49]
 NS 90-2  7.073e+01  [-62 7.772e-04 2.249e-01 4.499e-04]  [3 -18 56]
 NS 90-3  7.090e+01  [-100 9.385e-06 2.716e-03 3.183e-04]  [3 -17 54]
 NS 90-4  7.106e+01  [-141 8.772e-08 2.539e-05 3.323e-04]  [3 -17 56]
 NS 90-5s 7.122e+01  [-181 7.953e-10 2.302e-07 2.802e-04]  [3 -17 54]
 NS 91-1  7.141e+01  [0 1.000e+00 2.711e+02 3.463e-04]  [2 -19 37]
 NS 91-2  7.157e+01  [-62 7.820e-04 2.120e-01 4.460e-04]  [3 -18 55]
 NS 91-3  7.172e+01  [-100 9.445e-06 2.560e-03 3.173e-04]  [3 -17 56]
 NS 91-4  7.188e+01  [-141 8.874e-08 2.406e-05 3.293e-04]  [3 -17 56]
 NS 91-5  7.204e+01  [-181 8.024e-10 2.175e-07 2.865e-04]  [3 -17 53]
 NS 92-1  7.218e+01  [0 1.000e+00 2.525e+02 3.437e-04]  [2 -19 49]
 NS 92-2  7.233e+01  [-62 7.850e-04 1.982e-01 4.420e-04]  [3 -18 55]
 NS 92-3  7.249e+01  [-100 9.450e-06 2.386e-03 3.164e-04]  [3 -17 56]
 NS 92-4  7.264e+01  [-141 8.911e-08 2.250e-05 3.239e-04]  [3 -17 55]
 NS 92-5s 7.281e+01  [-181 7.971e-10 2.013e-07 2.914e-04]  [3 -17 54]
 NS 93-1  7.299e+01  [0 1.000e+00 2.337e+02 3.406e-04]  [2 -19 36]
 NS 93-2  7.315e+01  [-62 7.862e-04 1.838e-01 4.391e-04]  [3 -18 55]
 NS 93-3  7.331e+01  [-100 9.382e-06 2.193e-03 3.169e-04]  [3 -17 56]
 NS 93-4  7.346e+01  [-141 8.776e-08 2.051e-05 3.225e-04]  [3 -17 56]
 NS 93-5  7.362e+01  [-182 7.845e-10 1.833e-07 2.937e-04]  [3 -17 54]
 NS 94-1  7.376e+01  [0 1.000e+00 2.147e+02 3.367e-04]  [2 -19 49]
 NS 94-2  7.391e+01  [-62 7.857e-04 1.687e-01 4.375e-04]  [3 -18 57]
 NS 94-3  7.407e+01  [-100 9.325e-06 2.002e-03 3.162e-04]  [3 -17 56]
 NS 94-4  7.423e+01  [-141 8.663e-08 1.860e-05 3.179e-04]  [3 -18 58]
 NS 94-5s 7.439e+01  [-182 7.741e-10 1.662e-07 2.936e-04]  [3 -17 54]
 NS 95-1  7.458e+01  [0 1.000e+00 1.955e+02 3.320e-04]  [2 -19 36]
 NS 95-2  7.474e+01  [-62 7.838e-04 1.532e-01 4.366e-04]  [3 -18 56]
 NS 95-3  7.489e+01  [-100 9.303e-06 1.819e-03 3.133e-04]  [3 -17 57]
 NS 95-4  7.505e+01  [-141 8.637e-08 1.688e-05 3.087e-04]  [3 -18 55]
 NS 95-5  7.521e+01  [-182 7.693e-10 1.504e-07 2.962e-04]  [3 -17 54]
 NS 96-1  7.535e+01  [0 1.000e+00 1.761e+02 3.261e-04]  [2 -19 48]
 NS 96-2  7.550e+01  [-62 7.823e-04 1.378e-01 4.359e-04]  [3 -18 56]
 NS 96-3  7.566e+01  [-100 9.192e-06 1.619e-03 3.105e-04]  [3 -17 55]
 NS 96-4  7.581e+01  [-141 8.510e-08 1.499e-05 2.951e-04]  [3 -18 56]
 NS 96-5s 7.598e+01  [-182 7.611e-10 1.340e-07 2.933e-04]  [3 -17 53]
 NS 97-1  7.616e+01  [0 1.000e+00 1.566e+02 3.186e-04]  [2 -19 36]
 NS 97-2  7.632e+01  [-62 7.858e-04 1.230e-01 4.327e-04]  [3 -18 55]
 NS 97-3  7.648e+01  [-100 9.088e-06 1.423e-03 3.059e-04]  [3 -17 56]
 NS 97-4  7.663e+01  [-141 8.371e-08 1.311e-05 2.830e-04]  [3 -18 56]
 NS 97-5  7.679e+01  [-182 7.507e-10 1.175e-07 2.923e-04]  [3 -17 54]
 NS 98-1  7.693e+01  [0 1.000e+00 1.369e+02 3.136e-04]  [2 -18 47]
 NS 98-2  7.708e+01  [-61 8.049e-04 1.102e-01 4.860e-04]  [3 -17 56]
 NS 98-3  7.724e+01  [-100 8.993e-06 1.231e-03 2.927e-04]  [3 -17 56]
 NS 98-4  7.740e+01  [-141 8.065e-08 1.104e-05 2.624e-04]  [3 -18 56]
 NS 98-5s 7.756e+01  [-182 7.294e-10 9.986e-08 2.742e-04]  [3 -17 54]
 NS 99-1  7.774e+01  [0 1.000e+00 1.171e+02 2.950e-04]  [2 -19 33]
 NS 99-2  7.790e+01  [-61 8.522e-04 9.982e-02 4.417e-04]  [3 -18 56]
 NS 99-3  7.805e+01  [-100 9.116e-06 1.068e-03 2.774e-04]  [3 -17 56]
 NS 99-4  7.821e+01  [-141 8.205e-08 9.611e-06 2.508e-04]  [3 -18 55]
 NS 99-5  7.840e+01  [-182 7.476e-10 8.757e-08 2.844e-04]  [3 -17 54]
 NS 100-1  7.855e+01  [0 1.000e+00 9.728e+01 2.791e-04]  [2 -18 48]
 NS 100-2  7.873e+01  [-60 9.711e-04 9.447e-02 3.620e-04]  [3 -18 56]
 NS 100-3  7.891e+01  [-100 9.501e-06 9.243e-04 2.501e-04]  [3 -17 55]
 NS 100-4  7.907e+01  [-141 8.257e-08 8.033e-06 2.159e-04]  [3 -18 56]
 NS 100-5s 7.924e+01  [-182 7.641e-10 7.433e-08 2.857e-04]  [3 -18 53]
 NS 101-1  7.943e+01  [0 1.000e+00 7.742e+01 2.551e-04]  [2 -18 35]
 NS 101-2  7.959e+01  [-58 1.231e-03 9.529e-02 3.053e-04]  [3 -18 56]
 NS 101-3  7.974e+01  [-99 1.078e-05 8.344e-04 2.049e-04]  [3 -18 56]
 NS 101-4  7.990e+01  [-140 9.140e-08 7.077e-06 1.947e-04]  [3 -17 57]
 NS 101-5  8.006e+01  [-181 8.682e-10 6.722e-08 3.595e-04]  [3 -17 53]
 NS 102-1  8.019e+01  [0 1.000e+00 5.763e+01 2.220e-04]  [2 -17 49]
 NS 102-2  8.035e+01  [-54 1.782e-03 1.027e-01 2.425e-04]  [3 -18 55]
 NS 102-3  8.050e+01  [-97 1.412e-05 8.136e-04 2.213e-04]  [3 -17 56]
 NS 102-4  8.066e+01  [-138 1.192e-07 6.872e-06 2.030e-04]  [3 -17 56]
 NS 102-5s 8.081e+01  [-178 1.209e-09 6.968e-08 3.831e-04]  [3 -17 51]
 NS 103-1  8.098e+01  [0 1.000e+00 3.817e+01 8.024e-04]  [1 -19 28]
 NS 103-2  8.113e+01  [-50 3.125e-03 1.193e-01 4.095e-04]  [3 -17 54]
 NS 103-3  8.128e+01  [-89 3.398e-05 1.297e-03 2.756e-04]  [3 -16 54]
 NS 103-4  8.144e+01  [-130 3.081e-07 1.176e-05 2.521e-04]  [3 -17 55]
 NS 103-5  8.160e+01  [-170 3.119e-09 1.190e-07 3.316e-04]  [3 -17 54]
 NS 104-1  8.174e+01  [0 1.000e+00 2.017e+01 4.043e-04]  [2 -16 48]
 NS 104-2  8.187e+01  [-43 6.573e-03 1.326e-01 9.864e-04]  [2 -16 50]
 NS 104-3  8.203e+01  [-86 4.879e-05 9.842e-04 3.413e-04]  [3 -18 56]
 NS 104-4  8.218e+01  [-126 4.862e-07 9.808e-06 2.854e-04]  [3 -17 56]
 NS 104-5s 8.235e+01  [-164 5.699e-09 1.150e-07 4.131e-04]  [3 -17 53]
 NS 105-1  8.255e+01  [0 1.000e+00 1.328e+01 2.095e-04]  [3 -17 41]
 NS 105-2  8.269e+01  [-38 1.138e-02 1.511e-01 7.827e-04]  [2 -17 50]
 NS 105-3  8.284e+01  [-81 8.028e-05 1.066e-03 2.642e-04]  [3 -18 56]
 NS 105-4  8.300e+01  [-122 7.448e-07 9.889e-06 2.854e-04]  [3 -17 57]
 NS 105-5  8.316e+01  [-162 7.607e-09 1.010e-07 4.140e-04]  [3 -17 53]
 NS 106-1  8.330e+01  [0 1.000e+00 2.768e+01 8.019e-04]  [2 -18 48]
 NS 106-2  8.345e+01  [-44 6.209e-03 1.719e-01 2.161e-04]  [3 -17 55]
 NS 106-3  8.361e+01  [-86 4.804e-05 1.330e-03 2.591e-04]  [3 -18 56]
 NS 106-4  8.377e+01  [-127 4.350e-07 1.204e-05 2.570e-04]  [3 -17 56]
 NS 106-5s 8.392e+01  [-166 4.703e-09 1.302e-07 3.870e-04]  [3 -17 52]
 NS 107-1  8.411e+01  [0 1.000e+00 4.663e+01 6.367e-04]  [2 -18 35]
 NS 107-2  8.427e+01  [-47 4.117e-03 1.920e-01 2.274e-04]  [3 -17 55]
 NS 107-3  8.442e+01  [-89 3.228e-05 1.505e-03 2.685e-04]  [3 -18 56]
 NS 107-4  8.458e+01  [-130 2.923e-07 1.363e-05 2.681e-04]  [3 -17 56]
 NS 107-5  8.473e+01  [-170 3.150e-09 1.469e-07 4.077e-04]  [3 -17 49]
 NS 108-1  8.486e+01  [0 1.000e+00 6.630e+01 5.620e-04]  [2 -18 49]
 NS 108-2  8.502e+01  [-49 3.191e-03 2.116e-01 2.387e-04]  [3 -17 56]
 NS 108-3  8.516e+01  [-91 2.537e-05 1.682e-03 3.107e-04]  [3 -17 53]
 NS 108-4  8.532e+01  [-132 2.300e-07 1.525e-05 2.738e-04]  [3 -17 56]
 NS 108-5s 8.547e+01  [-172 2.454e-09 1.627e-07 3.918e-04]  [3 -17 51]
 NS 109-1  8.566e+01  [0 1.000e+00 8.616e+01 5.207e-04]  [2 -18 35]
 NS 109-2  8.581e+01  [-51 2.677e-03 2.306e-01 2.495e-04]  [3 -17 56]
 NS 109-3  8.597e+01  [-93 2.148e-05 1.851e-03 2.847e-04]  [3 -17 55]
 NS 109-4  8.612e+01  [-134 1.939e-07 1.671e-05 2.832e-04]  [3 -17 56]
 NS 109-5  8.628e+01  [-173 2.095e-09 1.805e-07 3.697e-04]  [3 -17 51]
 NS 110-1  8.641e+01  [0 1.000e+00 1.060e+02 4.944e-04]  [2 -19 49]
 NS 110-2  8.657e+01  [-52 2.347e-03 2.489e-01 2.597e-04]  [3 -17 55]
 NS 110-3  8.672e+01  [-94 1.918e-05 2.034e-03 3.274e-04]  [3 -16 55]
 NS 110-4  8.687e+01  [-135 1.704e-07 1.807e-05 2.854e-04]  [3 -17 56]
 NS 110-5s 8.703e+01  [-174 1.822e-09 1.932e-07 3.726e-04]  [3 -18 52]
 NS 111-1  8.722e+01  [0 1.000e+00 1.259e+02 4.762e-04]  [2 -19 36]
 NS 111-2  8.738e+01  [-53 2.114e-03 2.661e-01 2.692e-04]  [3 -17 56]
 NS 111-3  8.753e+01  [-95 1.757e-05 2.212e-03 3.120e-04]  [3 -16 55]
 NS 111-4  8.769e+01  [-136 1.540e-07 1.938e-05 2.792e-04]  [3 -17 56]
 NS 111-5  8.785e+01  [-175 1.589e-09 2.000e-07 3.608e-04]  [3 -18 54]
 NS 112-1  8.799e+01  [0 1.000e+00 1.456e+02 4.627e-04]  [2 -19 49]
 NS 112-2  8.815e+01  [-54 1.935e-03 2.818e-01 2.787e-04]  [3 -17 58]
 NS 112-3  8.830e+01  [-95 1.639e-05 2.387e-03 2.866e-04]  [3 -17 53]
 NS 112-4  8.845e+01  [-136 1.413e-07 2.059e-05 2.738e-04]  [3 -17 55]
 NS 112-5s 8.861e+01  [-176 1.414e-09 2.059e-07 3.520e-04]  [3 -18 51]
 NS 113-1  8.879e+01  [0 1.000e+00 1.653e+02 4.523e-04]  [2 -19 36]
 NS 113-2  8.895e+01  [-54 1.789e-03 2.957e-01 2.884e-04]  [3 -17 56]
 NS 113-3  8.910e+01  [-96 1.535e-05 2.537e-03 2.879e-04]  [3 -17 54]
 NS 113-4  8.925e+01  [-137 1.321e-07 2.183e-05 3.081e-04]  [3 -16 55]
 NS 113-5  8.941e+01  [-177 1.301e-09 2.150e-07 3.493e-04]  [3 -18 53]
 NS 114-1  8.955e+01  [0 1.000e+00 1.848e+02 4.438e-04]  [2 -19 48]
 NS 114-2  8.970e+01  [-55 1.666e-03 3.079e-01 2.984e-04]  [3 -17 56]
 NS 114-3  8.985e+01  [-96 1.446e-05 2.671e-03 3.141e-04]  [3 -16 54]
 NS 114-4  9.001e+01  [-138 1.237e-07 2.286e-05 2.688e-04]  [3 -17 55]
 NS 114-5s 9.016e+01  [-178 1.205e-09 2.226e-07 4.015e-04]  [3 -17 51]
 NS 115-1  9.035e+01  [0 1.000e+00 2.042e+02 4.369e-04]  [2 -19 34]
 NS 115-2  9.050e+01  [-56 1.561e-03 3.186e-01 3.079e-04]  [3 -17 56]
 NS 115-3  9.065e+01  [-97 1.363e-05 2.782e-03 3.450e-04]  [3 -16 54]
 NS 115-4  9.080e+01  [-138 1.159e-07 2.365e-05 2.669e-04]  [3 -17 55]
 NS 115-5  9.096e+01  [-179 1.122e-09 2.290e-07 3.689e-04]  [3 -18 52]
 NS 116-1  9.110e+01  [0 1.000e+00 2.233e+02 4.309e-04]  [2 -19 49]
 NS 116-2  9.125e+01  [-56 1.469e-03 3.280e-01 3.184e-04]  [3 -17 56]
 NS 116-3  9.140e+01  [-97 1.287e-05 2.874e-03 3.030e-04]  [3 -17 54]
 NS 116-4  9.155e+01  [-139 1.089e-07 2.431e-05 3.110e-04]  [3 -16 55]
 NS 116-5s 9.172e+01  [-179 1.028e-09 2.295e-07 3.605e-04]  [3 -18 54]
 NS 117-1  9.190e+01  [0 1.000e+00 2.423e+02 4.257e-04]  [2 -19 35]
 NS 117-2  9.206e+01  [-57 1.387e-03 3.361e-01 3.289e-04]  [3 -17 56]
 NS 117-3  9.221e+01  [-98 1.220e-05 2.957e-03 3.106e-04]  [3 -17 55]
 NS 117-4  9.236e+01  [-139 1.026e-07 2.485e-05 2.505e-04]  [3 -17 53]
 NS 117-5  9.251e+01  [-180 9.495e-10 2.301e-07 3.863e-04]  [3 -17 52]
 NS 118-1  9.265e+01  [0 1.000e+00 2.610e+02 4.210e-04]  [2 -19 48]
 NS 118-2  9.280e+01  [-57 1.315e-03 3.434e-01 3.399e-04]  [3 -18 56]
 NS 118-3  9.295e+01  [-98 1.162e-05 3.033e-03 3.223e-04]  [3 -17 54]
 NS 118-4  9.310e+01  [-140 9.624e-08 2.512e-05 2.462e-04]  [3 -17 54]
 NS 118-5s 9.326e+01  [-181 8.797e-10 2.296e-07 3.618e-04]  [3 -18 53]
 NS 119-1  9.345e+01  [0 1.000e+00 2.796e+02 4.169e-04]  [2 -19 34]
 NS 119-2  9.360e+01  [-58 1.251e-03 3.498e-01 3.510e-04]  [3 -18 57]
 NS 119-3  9.376e+01  [-99 1.117e-05 3.124e-03 3.329e-04]  [3 -17 54]
 NS 119-4  9.391e+01  [-140 9.194e-08 2.570e-05 2.453e-04]  [3 -17 55]
 NS 119-5  9.407e+01  [-181 8.375e-10 2.341e-07 3.828e-04]  [3 -17 52]
 NS 120-1  9.420e+01  [0 1.000e+00 2.978e+02 4.131e-04]  [2 -19 48]
 NS 120-2  9.438e+01  [-58 1.193e-03 3.553e-01 3.617e-04]  [3 -18 52]
 NS 120-3  9.454e+01  [-99 1.073e-05 3.196e-03 3.464e-04]  [3 -17 52]
 NS 120-4  9.469e+01  [-141 8.733e-08 2.601e-05 2.468e-04]  [3 -17 56]
 NS 120-5s 9.485e+01  [-182 7.680e-10 2.287e-07 3.916e-04]  [3 -17 52]
 NS 121-1  9.503e+01  [0 1.000e+00 3.158e+02 4.095e-04]  [2 -19 34]
 NS 121-2  9.519e+01  [-58 1.141e-03 3.603e-01 3.721e-04]  [3 -18 56]
 NS 121-3  9.534e+01  [-99 1.033e-05 3.261e-03 3.763e-04]  [3 -16 54]
 NS 121-4  9.549e+01  [-141 8.290e-08 2.618e-05 2.405e-04]  [3 -17 57]
 NS 121-5  9.566e+01  [-183 7.051e-10 2.227e-07 3.425e-04]  [3 -18 53]
 NS 122-1  9.579e+01  [0 1.000e+00 3.335e+02 4.061e-04]  [2 -19 48]
 NS 122-2  9.595e+01  [-59 1.094e-03 3.649e-01 3.820e-04]  [3 -18 56]
 NS 122-3  9.610e+01  [-100 9.989e-06 3.331e-03 3.830e-04]  [3 -16 54]
 NS 122-4  9.626e+01  [-142 7.903e-08 2.635e-05 2.307e-04]  [3 -17 53]
 NS 122-5s 9.642e+01  [-183 6.535e-10 2.179e-07 3.425e-04]  [3 -18 53]
 NS 123-1  9.661e+01  [0 1.000e+00 3.509e+02 4.029e-04]  [2 -19 34]
 NS 123-2  9.677e+01  [-59 1.051e-03 3.689e-01 3.921e-04]  [3 -18 58]
 NS 123-3  9.692e+01  [-100 9.687e-06 3.399e-03 3.886e-04]  [3 -16 54]
 NS 123-4  9.708e+01  [-142 7.601e-08 2.667e-05 2.241e-04]  [3 -17 56]
 NS 123-5  9.724e+01  [-184 6.152e-10 2.159e-07 3.445e-04]  [3 -18 52]
 NS 124-1  9.738e+01  [0 1.000e+00 3.679e+02 3.999e-04]  [2 -19 51]
 NS 124-2  9.754e+01  [-59 1.012e-03 3.725e-01 4.014e-04]  [3 -18 56]
 NS 124-3  9.769e+01  [-100 9.419e-06 3.466e-03 3.927e-04]  [3 -16 55]
 NS 124-4  9.784e+01  [-142 7.359e-08 2.708e-05 2.529e-04]  [3 -16 55]
 NS 124-5s 9.801e+01  [-184 5.848e-10 2.152e-07 3.404e-04]  [3 -18 54]
 NS 125-1  9.819e+01  [0 1.000e+00 3.846e+02 3.970e-04]  [2 -19 35]
 NS 125-2  9.835e+01  [-60 9.768e-04 3.757e-01 4.104e-04]  [3 -18 56]
 NS 125-3  9.850e+01  [-100 9.166e-06 3.526e-03 3.962e-04]  [3 -16 54]
 NS 125-4  9.865e+01  [-142 7.145e-08 2.748e-05 2.172e-04]  [3 -17 53]
 NS 125-5  9.881e+01  [-185 5.563e-10 2.140e-07 3.435e-04]  [3 -18 54]
 NS 126-1  9.895e+01  [0 1.000e+00 4.010e+02 3.942e-04]  [2 -19 48]
 NS 126-2  9.910e+01  [-60 9.441e-04 3.786e-01 4.187e-04]  [3 -18 57]
 NS 126-3  9.926e+01  [-100 8.934e-06 3.582e-03 3.175e-04]  [3 -17 56]
 NS 126-4  9.942e+01  [-143 6.967e-08 2.794e-05 2.425e-04]  [3 -16 55]
 NS 126-5s 9.958e+01  [-185 5.337e-10 2.140e-07 3.328e-04]  [3 -18 54]
 NS 127-1  9.977e+01  [0 1.000e+00 4.170e+02 3.915e-04]  [2 -19 35]
 NS 127-2  9.992e+01  [-60 9.142e-04 3.812e-01 4.267e-04]  [3 -18 56]
 NS 127-3  1.001e+02  [-101 8.746e-06 3.647e-03 3.118e-04]  [3 -17 56]
 NS 127-4  1.002e+02  [-143 6.775e-08 2.825e-05 2.344e-04]  [3 -16 55]
 NS 127-5  1.004e+02  [-185 5.135e-10 2.141e-07 3.264e-04]  [3 -18 54]
 NS 128-1  1.005e+02  [0 1.000e+00 4.326e+02 3.888e-04]  [2 -19 48]
 NS 128-2  1.007e+02  [-61 8.868e-04 3.836e-01 4.339e-04]  [3 -18 56]
 NS 128-3  1.008e+02  [-101 8.575e-06 3.709e-03 3.062e-04]  [3 -17 56]
 NS 128-4  1.010e+02  [-143 6.615e-08 2.861e-05 2.177e-04]  [3 -17 55]
 NS 128-5s 1.012e+02  [-186 4.970e-10 2.150e-07 3.244e-04]  [3 -18 53]
 NS 129-1  1.014e+02  [0 1.000e+00 4.477e+02 3.861e-04]  [2 -19 35]
 NS 129-2  1.015e+02  [-61 8.616e-04 3.858e-01 4.408e-04]  [3 -18 56]
 NS 129-3  1.017e+02  [-101 8.400e-06 3.761e-03 3.023e-04]  [3 -17 56]
 NS 129-4  1.018e+02  [-143 6.509e-08 2.914e-05 2.012e-04]  [3 -17 54]
 NS 129-5  1.020e+02  [-186 4.909e-10 2.198e-07 3.154e-04]  [3 -18 53]
 NS 130-1  1.021e+02  [0 1.000e+00 4.625e+02 3.836e-04]  [2 -19 47]
 NS 130-2  1.023e+02  [-61 8.383e-04 3.877e-01 4.466e-04]  [3 -18 55]
 NS 130-3  1.024e+02  [-101 8.263e-06 3.822e-03 2.978e-04]  [3 -17 56]
 NS 130-4  1.026e+02  [-143 6.376e-08 2.949e-05 2.184e-04]  [3 -17 54]
 NS 130-5s 1.027e+02  [-186 4.849e-10 2.243e-07 3.347e-04]  [3 -17 53]
 NS 131-1  1.029e+02  [0 1.000e+00 4.768e+02 3.810e-04]  [2 -19 34]
 NS 131-2  1.031e+02  [-61 8.166e-04 3.894e-01 4.520e-04]  [3 -18 56]
 NS 131-3  1.032e+02  [-101 8.140e-06 3.881e-03 2.928e-04]  [3 -17 56]
 NS 131-4  1.034e+02  [-144 6.275e-08 2.992e-05 2.251e-04]  [3 -17 54]
 NS 131-5  1.035e+02  [-186 4.795e-10 2.286e-07 3.214e-04]  [3 -17 52]
 NS 132-1  1.037e+02  [0 1.000e+00 4.907e+02 3.785e-04]  [2 -19 49]
 NS 132-2  1.038e+02  [-61 7.964e-04 3.908e-01 4.568e-04]  [3 -18 56]
 NS 132-3  1.040e+02  [-101 8.030e-06 3.940e-03 2.868e-04]  [3 -17 56]
 NS 132-4  1.041e+02  [-144 6.194e-08 3.039e-05 2.324e-04]  [3 -16 53]
 NS 132-5s 1.043e+02  [-186 4.755e-10 2.333e-07 2.977e-04]  [3 -17 53]
 NS 133-1  1.045e+02  [0 1.000e+00 5.041e+02 3.760e-04]  [2 -19 35]
 NS 133-2  1.046e+02  [-62 7.775e-04 3.919e-01 4.615e-04]  [3 -18 55]
 NS 133-3  1.048e+02  [-102 7.937e-06 4.001e-03 2.796e-04]  [3 -17 57]
 NS 133-4  1.050e+02  [-144 6.098e-08 3.074e-05 2.001e-04]  [3 -18 57]
 NS 133-5  1.051e+02  [-186 4.712e-10 2.375e-07 2.628e-04]  [3 -17 54]
 NS 134-1  1.053e+02  [0 1.000e+00 5.170e+02 3.735e-04]  [2 -19 48]
 NS 134-2  1.054e+02  [-62 7.598e-04 3.928e-01 4.654e-04]  [3 -18 56]
 NS 134-3  1.056e+02  [-102 7.843e-06 4.055e-03 2.725e-04]  [3 -17 55]
 NS 134-4  1.057e+02  [-144 5.987e-08 3.096e-05 2.019e-04]  [3 -18 55]
 NS 134-5s 1.059e+02  [-186 4.611e-10 2.384e-07 2.453e-04]  [3 -17 53]
 NS 135-1  1.061e+02  [0 1.000e+00 5.295e+02 3.710e-04]  [2 -19 35]
 NS 135-2  1.062e+02  [-62 7.432e-04 3.935e-01 4.689e-04]  [3 -18 56]
 NS 135-3  1.064e+02  [-102 7.753e-06 4.105e-03 2.655e-04]  [3 -17 56]
 NS 135-4  1.065e+02  [-144 5.870e-08 3.108e-05 2.173e-04]  [3 -17 54]
 NS 135-5  1.067e+02  [-187 4.433e-10 2.347e-07 2.528e-04]  [3 -17 53]
 NS 136-1  1.068e+02  [0 1.000e+00 5.414e+02 3.685e-04]  [2 -19 48]
 NS 136-2  1.070e+02  [-62 7.276e-04 3.939e-01 4.760e-04]  [3 -18 56]
 NS 136-3  1.071e+02  [-102 7.660e-06 4.147e-03 2.595e-04]  [3 -17 56]
 NS 136-4  1.073e+02  [-144 5.754e-08 3.115e-05 2.209e-04]  [3 -17 55]
 NS 136-5s 1.074e+02  [-187 4.273e-10 2.314e-07 2.428e-04]  [3 -17 53]
 NS 137-1  1.076e+02  [0 1.000e+00 5.528e+02 3.660e-04]  [2 -19 35]
 NS 137-2  1.078e+02  [-62 7.129e-04 3.941e-01 4.795e-04]  [3 -18 56]
 NS 137-3  1.079e+02  [-102 7.555e-06 4.177e-03 2.559e-04]  [3 -17 56]
 NS 137-4  1.081e+02  [-144 5.627e-08 3.111e-05 2.196e-04]  [3 -17 54]
 NS 137-5  1.082e+02  [-187 4.123e-10 2.279e-07 2.352e-04]  [3 -18 51]
 NS 138-1  1.084e+02  [0 1.000e+00 5.637e+02 3.636e-04]  [2 -19 49]
 NS 138-2  1.085e+02  [-63 6.990e-04 3.941e-01 4.827e-04]  [3 -18 56]
 NS 138-3  1.087e+02  [-102 7.447e-06 4.198e-03 2.539e-04]  [3 -17 57]
 NS 138-4  1.088e+02  [-145 5.491e-08 3.096e-05 2.189e-04]  [3 -17 53]
 NS 138-5s 1.090e+02  [-187 3.982e-10 2.245e-07 2.276e-04]  [3 -18 52]
 NS 139-1  1.092e+02  [0 1.000e+00 5.741e+02 3.611e-04]  [2 -19 36]
 NS 139-2  1.093e+02  [-63 6.859e-04 3.938e-01 4.855e-04]  [3 -18 56]
 NS 139-3  1.095e+02  [-102 7.347e-06 4.218e-03 2.517e-04]  [3 -17 57]
 NS 139-4  1.097e+02  [-145 5.346e-08 3.069e-05 2.186e-04]  [3 -17 53]
 NS 139-5  1.098e+02  [-188 3.863e-10 2.218e-07 2.336e-04]  [3 -18 52]
 NS 140-1  1.099e+02  [0 1.000e+00 5.839e+02 3.587e-04]  [2 -19 48]
 NS 140-2  1.101e+02  [-63 6.735e-04 3.932e-01 4.880e-04]  [3 -18 56]
 NS 140-3  1.103e+02  [-102 7.253e-06 4.235e-03 2.496e-04]  [3 -17 56]
 NS 140-4  1.104e+02  [-145 5.192e-08 3.032e-05 2.190e-04]  [3 -17 54]
 NS 140-5s 1.106e+02  [-188 3.756e-10 2.193e-07 2.286e-04]  [3 -18 51]
 NS 141-1  1.107e+02  [0 1.000e+00 5.931e+02 3.563e-04]  [2 -19 34]
 NS 141-2  1.109e+02  [-63 6.617e-04 3.925e-01 4.900e-04]  [3 -18 56]
 NS 141-3  1.111e+02  [-102 7.172e-06 4.254e-03 2.477e-04]  [3 -17 57]
 NS 141-4  1.112e+02  [-145 5.040e-08 2.989e-05 2.348e-04]  [3 -17 54]
 NS 141-5  1.114e+02  [-188 3.649e-10 2.165e-07 2.352e-04]  [3 -18 52]
 NS 142-1  1.115e+02  [0 1.000e+00 6.018e+02 3.538e-04]  [2 -19 48]
 NS 142-2  1.117e+02  [-63 6.505e-04 3.915e-01 5.055e-04]  [3 -18 55]
 NS 142-3  1.118e+02  [-102 7.108e-06 4.277e-03 2.434e-04]  [3 -17 56]
 NS 142-4  1.120e+02  [-146 4.910e-08 2.955e-05 2.274e-04]  [3 -17 54]
 NS 142-5s 1.121e+02  [-189 3.538e-10 2.129e-07 2.540e-04]  [3 -18 53]
 NS 143-1  1.123e+02  [0 1.000e+00 6.099e+02 3.514e-04]  [2 -19 35]
 NS 143-2  1.125e+02  [-63 6.398e-04 3.902e-01 4.948e-04]  [3 -18 56]
 NS 143-3  1.126e+02  [-103 7.033e-06 4.289e-03 2.454e-04]  [3 -17 56]
 NS 143-4  1.128e+02  [-146 4.753e-08 2.899e-05 2.307e-04]  [3 -17 54]
 NS 143-5  1.129e+02  [-189 3.424e-10 2.088e-07 2.503e-04]  [3 -18 52]
 NS 144-1  1.131e+02  [0 1.000e+00 6.174e+02 3.490e-04]  [2 -19 49]
 NS 144-2  1.132e+02  [-64 6.297e-04 3.887e-01 4.959e-04]  [3 -18 55]
 NS 144-3  1.134e+02  [-103 6.960e-06 4.297e-03 2.440e-04]  [3 -17 56]
 NS 144-4  1.135e+02  [-146 4.614e-08 2.849e-05 2.216e-04]  [3 -17 54]
 NS 144-5s 1.137e+02  [-189 3.319e-10 2.049e-07 2.755e-04]  [3 -18 53]
 NS 145-1  1.139e+02  [0 1.000e+00 6.243e+02 3.465e-04]  [2 -19 34]
 NS 145-2  1.140e+02  [-64 6.200e-04 3.870e-01 4.969e-04]  [3 -18 56]
 NS 145-3  1.142e+02  [-103 6.892e-06 4.303e-03 2.428e-04]  [3 -17 57]
 NS 145-4  1.143e+02  [-146 4.483e-08 2.799e-05 2.152e-04]  [3 -18 53]
 NS 145-5  1.145e+02  [-189 3.224e-10 2.013e-07 3.021e-04]  [3 -17 55]
 NS 146-1  1.147e+02  [0 1.000e+00 6.306e+02 3.442e-04]  [2 -19 44]
 NS 146-2  1.148e+02  [-64 6.107e-04 3.851e-01 4.978e-04]  [3 -18 56]
 NS 146-3  1.150e+02  [-103 6.817e-06 4.299e-03 2.411e-04]  [3 -17 56]
 NS 146-4  1.151e+02  [-147 4.364e-08 2.752e-05 2.118e-04]  [3 -18 53]
 NS 146-5s 1.153e+02  [-190 3.137e-10 1.978e-07 2.666e-04]  [3 -18 52]
 NS 147-1  1.155e+02  [0 1.000e+00 6.363e+02 3.418e-04]  [2 -19 35]
 NS 147-2  1.156e+02  [-64 6.019e-04 3.829e-01 4.989e-04]  [3 -18 56]
 NS 147-3  1.158e+02  [-103 6.743e-06 4.290e-03 2.398e-04]  [3 -17 55]
 NS 147-4  1.159e+02  [-147 4.271e-08 2.718e-05 2.094e-04]  [3 -18 53]
 NS 147-5  1.161e+02  [-190 3.066e-10 1.951e-07 2.572e-04]  [3 -18 51]
 NS 148-1  1.162e+02  [0 1.000e+00 6.413e+02 3.393e-04]  [2 -19 47]
 NS 148-2  1.164e+02  [-64 5.933e-04 3.805e-01 5.011e-04]  [3 -18 57]
 NS 148-3  1.165e+02  [-103 6.672e-06 4.279e-03 2.371e-04]  [3 -17 56]
 NS 148-4  1.167e+02  [-147 4.205e-08 2.697e-05 2.147e-04]  [3 -18 54]
 NS 148-5s 1.169e+02  [-190 3.037e-10 1.948e-07 2.564e-04]  [3 -18 50]
 NS 149-1  1.170e+02  [0 1.000e+00 6.458e+02 3.369e-04]  [2 -19 35]
 NS 149-2  1.172e+02  [-64 5.851e-04 3.778e-01 5.004e-04]  [3 -18 57]
 NS 149-3  1.174e+02  [-103 6.601e-06 4.263e-03 2.371e-04]  [3 -17 63]
 NS 149-4  1.175e+02  [-147 4.105e-08 2.651e-05 2.181e-04]  [3 -17 53]
 NS 149-5  1.177e+02  [-190 2.949e-10 1.904e-07 2.458e-04]  [3 -18 50]
 NS 150-1  1.178e+02  [0 1.000e+00 6.496e+02 3.346e-04]  [2 -19 49]
 NS 150-2  1.180e+02  [-64 5.772e-04 3.749e-01 5.009e-04]  [3 -18 56]
 NS 150-3  1.182e+02  [-103 6.524e-06 4.238e-03 2.362e-04]  [3 -17 56]
 NS 150-4  1.183e+02  [-148 3.980e-08 2.586e-05 2.279e-04]  [3 -17 51]
 NS 150-5s 1.185e+02  [-191 2.796e-10 1.816e-07 2.699e-04]  [3 -18 49]
 NS 151-1  1.186e+02  [0 1.000e+00 6.528e+02 3.322e-04]  [2 -19 35]
 NS 151-2  1.188e+02  [-64 5.695e-04 3.717e-01 5.011e-04]  [3 -19 55]
 NS 151-3  1.190e+02  [-103 6.444e-06 4.206e-03 2.361e-04]  [3 -17 56]
 NS 151-4  1.191e+02  [-148 3.876e-08 2.530e-05 2.368e-04]  [3 -17 55]
 NS 151-5  1.193e+02  [-191 2.693e-10 1.758e-07 2.613e-04]  [3 -18 52]
 NS 152-1  1.194e+02  [0 1.000e+00 6.553e+02 3.298e-04]  [2 -19 48]
 NS 152-2  1.196e+02  [-65 5.621e-04 3.683e-01 5.016e-04]  [3 -19 55]
 NS 152-3  1.197e+02  [-103 6.357e-06 4.165e-03 2.336e-04]  [3 -17 56]
 NS 152-4  1.199e+02  [-148 3.790e-08 2.483e-05 2.378e-04]  [3 -17 55]
 NS 152-5s 1.200e+02  [-191 2.635e-10 1.726e-07 2.610e-04]  [3 -18 53]
 NS 153-1  1.202e+02  [0 1.000e+00 6.572e+02 3.274e-04]  [2 -19 35]
 NS 153-2  1.204e+02  [-65 5.549e-04 3.646e-01 5.018e-04]  [3 -19 55]
 NS 153-3  1.205e+02  [-104 6.263e-06 4.115e-03 2.322e-04]  [3 -17 56]
 NS 153-4  1.207e+02  [-148 3.719e-08 2.444e-05 2.390e-04]  [3 -17 57]
 NS 153-5  1.208e+02  [-191 2.606e-10 1.713e-07 2.564e-04]  [3 -18 52]
 NS 154-1  1.210e+02  [0 1.000e+00 6.584e+02 3.251e-04]  [2 -19 50]
 NS 154-2  1.211e+02  [-65 5.479e-04 3.607e-01 5.016e-04]  [3 -19 55]
 NS 154-3  1.213e+02  [-104 6.168e-06 4.061e-03 2.310e-04]  [3 -17 56]
 NS 154-4  1.214e+02  [-148 3.648e-08 2.402e-05 2.081e-04]  [3 -18 55]
 NS 154-5s 1.216e+02  [-191 2.588e-10 1.704e-07 2.791e-04]  [3 -18 53]
 NS 155-1  1.218e+02  [0 1.000e+00 6.590e+02 3.227e-04]  [2 -19 35]
 NS 155-2  1.219e+02  [-65 5.410e-04 3.565e-01 5.019e-04]  [3 -19 56]
 NS 155-3  1.221e+02  [-104 6.075e-06 4.003e-03 2.295e-04]  [3 -17 57]
 NS 155-4  1.222e+02  [-149 3.548e-08 2.338e-05 2.063e-04]  [3 -18 54]
 NS 155-5  1.224e+02  [-191 2.545e-10 1.677e-07 2.761e-04]  [3 -18 53]
 NS 156-1  1.225e+02  [0 1.000e+00 6.589e+02 3.204e-04]  [2 -19 48]
 NS 156-2  1.227e+02  [-65 5.344e-04 3.521e-01 5.020e-04]  [3 -19 56]
 NS 156-3  1.229e+02  [-104 5.983e-06 3.942e-03 2.281e-04]  [3 -17 56]
 NS 156-4  1.230e+02  [-149 3.424e-08 2.256e-05 2.073e-04]  [3 -18 55]
 NS 156-5s 1.232e+02  [-192 2.489e-10 1.640e-07 2.749e-04]  [3 -18 52]
 NS 157-1  1.234e+02  [0 1.000e+00 6.582e+02 3.181e-04]  [2 -19 36]
 NS 157-2  1.235e+02  [-65 5.278e-04 3.474e-01 5.019e-04]  [3 -19 57]
 NS 157-3  1.237e+02  [-104 5.901e-06 3.884e-03 2.267e-04]  [3 -17 56]
 NS 157-4  1.238e+02  [-149 3.328e-08 2.191e-05 2.066e-04]  [3 -18 56]
 NS 157-5  1.240e+02  [-192 2.438e-10 1.605e-07 2.734e-04]  [3 -17 55]
 NS 158-1  1.241e+02  [0 1.000e+00 6.568e+02 3.158e-04]  [2 -19 48]
 NS 158-2  1.243e+02  [-65 5.214e-04 3.425e-01 5.019e-04]  [3 -19 57]
 NS 158-3  1.245e+02  [-104 5.820e-06 3.823e-03 2.253e-04]  [3 -18 55]
 NS 158-4  1.246e+02  [-149 3.254e-08 2.137e-05 2.053e-04]  [3 -18 54]
 NS 158-5s 1.248e+02  [-192 2.378e-10 1.562e-07 2.706e-04]  [3 -17 51]
 NS 159-1  1.250e+02  [0 1.000e+00 6.548e+02 3.135e-04]  [2 -19 35]
 NS 159-2  1.251e+02  [-65 5.151e-04 3.373e-01 5.027e-04]  [3 -19 54]
 NS 159-3  1.253e+02  [-104 5.731e-06 3.753e-03 2.197e-04]  [3 -18 55]
 NS 159-4  1.254e+02  [-149 3.167e-08 2.074e-05 2.038e-04]  [3 -18 55]
 NS 159-5  1.256e+02  [-192 2.294e-10 1.502e-07 2.548e-04]  [3 -18 52]
 NS 160-1  1.257e+02  [0 1.000e+00 6.521e+02 3.112e-04]  [2 -19 48]
 NS 160-2  1.259e+02  [-65 5.089e-04 3.319e-01 5.024e-04]  [3 -19 54]
 NS 160-3  1.260e+02  [-104 5.652e-06 3.686e-03 2.198e-04]  [3 -18 56]
 NS 160-4  1.262e+02  [-150 3.091e-08 2.016e-05 2.047e-04]  [3 -18 54]
 NS 160-5s 1.263e+02  [-193 2.209e-10 1.441e-07 2.500e-04]  [3 -18 51]
 NS 161-1  1.265e+02  [0 1.000e+00 6.488e+02 3.090e-04]  [2 -19 35]
 NS 161-2  1.267e+02  [-65 5.028e-04 3.262e-01 5.020e-04]  [3 -19 54]
 NS 161-3  1.268e+02  [-105 5.575e-06 3.617e-03 2.199e-04]  [3 -18 56]
 NS 161-4  1.270e+02  [-150 2.999e-08 1.946e-05 2.055e-04]  [3 -18 54]
 NS 161-5  1.271e+02  [-193 2.127e-10 1.380e-07 2.476e-04]  [3 -18 52]
 NS 162-1  1.272e+02  [0 1.000e+00 6.448e+02 3.067e-04]  [2 -19 48]
 NS 162-2  1.274e+02  [-66 4.967e-04 3.203e-01 5.016e-04]  [3 -19 54]
 NS 162-3  1.276e+02  [-105 5.472e-06 3.529e-03 2.209e-04]  [3 -18 56]
 NS 162-4  1.277e+02  [-150 2.883e-08 1.859e-05 2.066e-04]  [3 -18 55]
 NS 162-5s 1.279e+02  [-193 2.062e-10 1.330e-07 2.616e-04]  [3 -17 52]
 NS 163-1  1.280e+02  [0 1.000e+00 6.402e+02 3.045e-04]  [2 -19 35]
 NS 163-2  1.282e+02  [-66 4.908e-04 3.142e-01 5.012e-04]  [3 -19 54]
 NS 163-3  1.284e+02  [-105 5.372e-06 3.439e-03 2.217e-04]  [3 -18 57]
 NS 163-4  1.285e+02  [-151 2.790e-08 1.786e-05 2.080e-04]  [3 -18 55]
 NS 163-5  1.287e+02  [-193 1.998e-10 1.279e-07 2.726e-04]  [3 -17 52]
 NS 164-1  1.288e+02  [0 1.000e+00 6.349e+02 3.023e-04]  [2 -19 49]
 NS 164-2  1.290e+02  [-66 4.849e-04 3.079e-01 5.007e-04]  [3 -19 54]
 NS 164-3  1.291e+02  [-105 5.279e-06 3.352e-03 2.219e-04]  [3 -18 56]
 NS 164-4  1.293e+02  [-151 2.704e-08 1.717e-05 2.097e-04]  [3 -18 54]
 NS 164-5s 1.294e+02  [-194 1.925e-10 1.222e-07 2.710e-04]  [3 -17 52]
 NS 165-1  1.296e+02  [0 1.000e+00 6.290e+02 3.001e-04]  [2 -19 35]
 NS 165-2  1.298e+02  [-66 4.791e-04 3.014e-01 5.003e-04]  [3 -19 54]
 NS 165-3  1.299e+02  [-105 5.191e-06 3.266e-03 2.218e-04]  [3 -18 56]
 NS 165-4  1.301e+02  [-151 2.626e-08 1.652e-05 2.117e-04]  [3 -18 54]
 NS 165-5  1.302e+02  [-194 1.850e-10 1.164e-07 2.673e-04]  [3 -17 52]
 NS 166-1  1.304e+02  [0 1.000e+00 6.225e+02 2.980e-04]  [2 -19 48]
 NS 166-2  1.305e+02  [-66 4.733e-04 2.946e-01 5.020e-04]  [3 -19 56]
 NS 166-3  1.307e+02  [-105 5.097e-06 3.173e-03 2.159e-04]  [3 -18 56]
 NS 166-4  1.308e+02  [-151 2.547e-08 1.586e-05 2.118e-04]  [3 -18 54]
 NS 166-5s 1.310e+02  [-195 1.772e-10 1.103e-07 2.451e-04]  [3 -18 52]
 NS 167-1  1.312e+02  [0 1.000e+00 6.154e+02 2.958e-04]  [2 -19 35]
 NS 167-2  1.313e+02  [-66 4.676e-04 2.877e-01 5.021e-04]  [3 -19 57]
 NS 167-3  1.315e+02  [-106 5.004e-06 3.079e-03 2.143e-04]  [3 -18 56]
 NS 167-4  1.316e+02  [-152 2.471e-08 1.521e-05 2.132e-04]  [3 -18 54]
 NS 167-5  1.318e+02  [-195 1.692e-10 1.041e-07 2.362e-04]  [3 -18 53]
 NS 168-1  1.319e+02  [0 1.000e+00 6.076e+02 2.929e-04]  [2 -19 47]
 NS 168-2  1.321e+02  [-66 4.613e-04 2.803e-01 5.700e-04]  [3 -19 55]
 NS 168-3  1.322e+02  [-106 4.908e-06 2.982e-03 2.079e-04]  [3 -18 55]
 NS 168-4  1.324e+02  [-152 2.403e-08 1.460e-05 2.232e-04]  [3 -18 54]
 NS 168-5s 1.325e+02  [-195 1.639e-10 9.958e-08 2.465e-04]  [3 -18 53]
 NS 169-1  1.327e+02  [0 1.000e+00 5.992e+02 2.909e-04]  [2 -19 33]
 NS 169-2  1.329e+02  [-66 4.558e-04 2.731e-01 5.648e-04]  [3 -19 54]
 NS 169-3  1.330e+02  [-106 4.812e-06 2.883e-03 2.023e-04]  [3 -18 56]
 NS 169-4  1.332e+02  [-152 2.329e-08 1.395e-05 2.230e-04]  [3 -18 55]
 NS 169-5  1.333e+02  [-196 1.552e-10 9.299e-08 2.340e-04]  [3 -18 52]
 NS 170-1  1.335e+02  [0 1.000e+00 5.902e+02 2.889e-04]  [2 -19 47]
 NS 170-2  1.336e+02  [-66 4.502e-04 2.657e-01 5.559e-04]  [3 -19 55]
 NS 170-3  1.338e+02  [-106 4.718e-06 2.784e-03 2.056e-04]  [3 -18 56]
 NS 170-4  1.339e+02  [-152 2.261e-08 1.334e-05 2.242e-04]  [3 -18 55]
 NS 170-5s 1.341e+02  [-196 1.472e-10 8.687e-08 2.466e-04]  [3 -18 53]
 NS 171-1  1.343e+02  [0 1.000e+00 5.806e+02 2.870e-04]  [2 -19 34]
 NS 171-2  1.344e+02  [-67 4.447e-04 2.582e-01 6.933e-04]  [3 -17 55]
 NS 171-3  1.346e+02  [-106 4.622e-06 2.684e-03 1.846e-04]  [3 -18 56]
 NS 171-4  1.347e+02  [-153 2.196e-08 1.275e-05 2.346e-04]  [3 -18 54]
 NS 171-5  1.349e+02  [-197 1.408e-10 8.175e-08 2.820e-04]  [3 -17 53]
 NS 172-1  1.350e+02  [0 1.000e+00 5.704e+02 2.851e-04]  [2 -19 45]
 NS 172-2  1.352e+02  [-67 4.393e-04 2.506e-01 6.087e-04]  [3 -18 55]
 NS 172-3  1.353e+02  [-106 4.518e-06 2.577e-03 1.905e-04]  [3 -18 56]
 NS 172-4  1.355e+02  [-153 2.126e-08 1.212e-05 2.268e-04]  [3 -18 55]
 NS 172-5s 1.356e+02  [-197 1.318e-10 7.520e-08 2.478e-04]  [3 -18 50]
 NS 173-1  1.358e+02  [0 1.000e+00 5.596e+02 2.831e-04]  [2 -19 33]
 NS 173-2  1.360e+02  [-67 4.337e-04 2.427e-01 5.216e-04]  [3 -19 55]
 NS 173-3  1.361e+02  [-107 4.412e-06 2.469e-03 2.091e-04]  [3 -18 56]
 NS 173-4  1.363e+02  [-153 2.068e-08 1.157e-05 2.238e-04]  [3 -18 55]
 NS 173-5  1.365e+02  [-198 1.236e-10 6.918e-08 2.377e-04]  [3 -18 52]
 NS 174-1  1.366e+02  [0 1.000e+00 5.483e+02 2.814e-04]  [2 -19 46]
 NS 174-2  1.367e+02  [-67 4.284e-04 2.349e-01 5.017e-04]  [3 -20 53]
 NS 174-3  1.369e+02  [-107 4.311e-06 2.363e-03 2.122e-04]  [3 -18 56]
 NS 174-4  1.370e+02  [-153 2.008e-08 1.101e-05 2.231e-04]  [3 -18 54]
 NS 174-5s 1.372e+02  [-198 1.172e-10 6.425e-08 2.253e-04]  [3 -18 54]
 NS 175-1  1.374e+02  [0 1.000e+00 5.364e+02 2.796e-04]  [2 -19 34]
 NS 175-2  1.375e+02  [-67 4.229e-04 2.268e-01 5.268e-04]  [3 -19 54]
 NS 175-3  1.377e+02  [-107 4.213e-06 2.260e-03 2.092e-04]  [3 -18 56]
 NS 175-4  1.378e+02  [-154 1.947e-08 1.044e-05 2.334e-04]  [3 -18 55]
 NS 175-5  1.380e+02  [-199 1.115e-10 5.979e-08 2.378e-04]  [3 -18 48]
 NS 176-1  1.381e+02  [0 1.000e+00 5.239e+02 2.778e-04]  [2 -19 46]
 NS 176-2  1.383e+02  [-67 4.175e-04 2.187e-01 5.636e-04]  [3 -19 55]
 NS 176-3  1.384e+02  [-107 4.115e-06 2.156e-03 2.062e-04]  [3 -18 56]
 NS 176-4  1.386e+02  [-154 1.883e-08 9.865e-06 2.324e-04]  [3 -18 56]
 NS 176-5s 1.387e+02  [-199 1.065e-10 5.581e-08 2.447e-04]  [3 -18 53]
 NS 177-1  1.389e+02  [0 1.000e+00 5.110e+02 2.760e-04]  [2 -19 33]
 NS 177-2  1.391e+02  [-67 4.120e-04 2.105e-01 5.403e-04]  [3 -19 51]
 NS 177-3  1.392e+02  [-107 4.015e-06 2.051e-03 2.005e-04]  [3 -18 56]
 NS 177-4  1.394e+02  [-154 1.819e-08 9.295e-06 2.351e-04]  [3 -18 55]
 NS 177-5  1.395e+02  [-199 1.020e-10 5.213e-08 2.281e-04]  [3 -18 52]
 NS 178-1  1.396e+02  [0 1.000e+00 4.975e+02 2.742e-04]  [2 -19 46]
 NS 178-2  1.398e+02  [-67 4.066e-04 2.023e-01 6.309e-04]  [3 -17 55]
 NS 178-3  1.400e+02  [-108 3.913e-06 1.946e-03 1.821e-04]  [3 -18 56]
 NS 178-4  1.401e+02  [-155 1.762e-08 8.764e-06 2.462e-04]  [3 -17 54]
 NS 178-5s 1.403e+02  [-200 9.972e-11 4.961e-08 2.473e-04]  [3 -18 49]
 NS 179-1  1.404e+02  [0 1.000e+00 4.834e+02 2.723e-04]  [2 -20 33]
 NS 179-2  1.406e+02  [-67 4.011e-04 1.939e-01 5.189e-04]  [3 -19 56]
 NS 179-3  1.407e+02  [-108 3.816e-06 1.845e-03 1.940e-04]  [3 -18 55]
 NS 179-4  1.409e+02  [-155 1.689e-08 8.166e-06 2.371e-04]  [3 -18 55]
 NS 179-5  1.410e+02  [-200 9.306e-11 4.499e-08 2.200e-04]  [3 -18 49]
 NS 180-1  1.412e+02  [0 1.000e+00 4.689e+02 2.706e-04]  [2 -20 48]
 NS 180-2  1.413e+02  [-68 3.956e-04 1.855e-01 5.343e-04]  [3 -19 56]
 NS 180-3  1.415e+02  [-108 3.716e-06 1.743e-03 1.917e-04]  [3 -18 56]
 NS 180-4  1.416e+02  [-155 1.620e-08 7.598e-06 2.393e-04]  [3 -17 54]
 NS 180-5s 1.418e+02  [-201 8.823e-11 4.137e-08 2.243e-04]  [3 -18 51]
 NS 181-1  1.420e+02  [0 1.000e+00 4.539e+02 2.678e-04]  [2 -20 36]
 NS 181-2  1.421e+02  [-68 3.894e-04 1.768e-01 5.464e-04]  [3 -19 54]
 NS 181-3  1.423e+02  [-108 3.621e-06 1.644e-03 1.932e-04]  [3 -18 55]
 NS 181-4  1.424e+02  [-156 1.564e-08 7.100e-06 2.382e-04]  [3 -18 54]
 NS 181-5  1.426e+02  [-201 8.446e-11 3.834e-08 2.189e-04]  [3 -18 47]
 NS 182-1  1.427e+02  [0 1.000e+00 4.385e+02 2.659e-04]  [2 -20 48]
 NS 182-2  1.429e+02  [-68 3.838e-04 1.683e-01 5.609e-04]  [3 -19 55]
 NS 182-3  1.430e+02  [-109 3.525e-06 1.545e-03 1.924e-04]  [3 -18 56]
 NS 182-4  1.432e+02  [-156 1.502e-08 6.588e-06 2.376e-04]  [3 -18 55]
 NS 182-5s 1.433e+02  [-201 8.041e-11 3.526e-08 2.285e-04]  [3 -18 51]
 NS 183-1  1.435e+02  [0 1.000e+00 4.226e+02 2.639e-04]  [2 -20 35]
 NS 183-2  1.437e+02  [-68 3.781e-04 1.598e-01 5.210e-04]  [3 -20 55]
 NS 183-3  1.438e+02  [-109 3.425e-06 1.448e-03 1.912e-04]  [3 -18 56]
 NS 183-4  1.440e+02  [-156 1.444e-08 6.100e-06 2.362e-04]  [3 -18 55]
 NS 183-5  1.441e+02  [-202 7.662e-11 3.238e-08 2.197e-04]  [3 -18 51]
 NS 184-1  1.443e+02  [0 1.000e+00 4.063e+02 2.619e-04]  [2 -20 49]
 NS 184-2  1.444e+02  [-68 3.724e-04 1.513e-01 5.404e-04]  [3 -19 55]
 NS 184-3  1.446e+02  [-109 3.322e-06 1.350e-03 1.841e-04]  [3 -18 55]
 NS 184-4  1.447e+02  [-157 1.387e-08 5.636e-06 2.369e-04]  [3 -18 52]
 NS 184-5s 1.449e+02  [-202 7.325e-11 2.976e-08 2.082e-04]  [3 -18 53]
 NS 185-1  1.451e+02  [0 1.000e+00 3.895e+02 2.599e-04]  [2 -20 35]
 NS 185-2  1.452e+02  [-68 3.667e-04 1.428e-01 6.144e-04]  [3 -18 55]
 NS 185-3  1.454e+02  [-109 3.231e-06 1.259e-03 1.743e-04]  [3 -18 55]
 NS 185-4  1.455e+02  [-157 1.326e-08 5.165e-06 2.555e-04]  [3 -18 55]
 NS 185-5  1.457e+02  [-203 6.956e-11 2.709e-08 2.145e-04]  [3 -18 53]
 NS 186-1  1.458e+02  [0 1.000e+00 3.723e+02 2.579e-04]  [2 -20 49]
 NS 186-2  1.460e+02  [-68 3.609e-04 1.344e-01 8.023e-04]  [3 -16 53]
 NS 186-3  1.461e+02  [-110 3.138e-06 1.169e-03 1.717e-04]  [3 -18 56]
 NS 186-4  1.463e+02  [-157 1.262e-08 4.698e-06 2.791e-04]  [3 -18 56]
 NS 186-5s 1.464e+02  [-203 6.607e-11 2.460e-08 2.225e-04]  [3 -18 53]
 NS 187-1  1.466e+02  [0 1.000e+00 3.548e+02 2.557e-04]  [2 -20 34]
 NS 187-2  1.468e+02  [-68 3.551e-04 1.260e-01 5.385e-04]  [3 -20 56]
 NS 187-3  1.469e+02  [-110 3.034e-06 1.076e-03 1.824e-04]  [3 -18 56]
 NS 187-4  1.471e+02  [-158 1.201e-08 4.261e-06 2.558e-04]  [3 -18 55]
 NS 187-5  1.473e+02  [-204 6.207e-11 2.202e-08 2.104e-04]  [3 -18 54]
 NS 188-1  1.474e+02  [0 1.000e+00 3.369e+02 2.535e-04]  [2 -20 48]
 NS 188-2  1.475e+02  [-69 3.492e-04 1.177e-01 5.448e-04]  [3 -20 55]
 NS 188-3  1.477e+02  [-110 2.936e-06 9.891e-04 1.806e-04]  [3 -18 56]
 NS 188-4  1.479e+02  [-158 1.141e-08 3.845e-06 2.844e-04]  [3 -17 53]
 NS 188-5s 1.480e+02  [-204 5.791e-11 1.951e-08 2.451e-04]  [3 -17 53]
 NS 189-1  1.482e+02  [0 1.000e+00 3.187e+02 2.512e-04]  [2 -20 38]
 NS 189-2  1.484e+02  [-69 3.433e-04 1.094e-01 5.485e-04]  [3 -20 57]
 NS 189-3  1.486e+02  [-110 2.842e-06 9.055e-04 1.798e-04]  [3 -18 55]
 NS 189-4  1.487e+02  [-159 1.087e-08 3.464e-06 2.920e-04]  [3 -17 54]
 NS 189-5  1.489e+02  [-205 5.404e-11 1.722e-08 2.260e-04]  [3 -18 54]
 NS 190-1  1.490e+02  [0 1.000e+00 3.001e+02 2.488e-04]  [2 -20 50]
 NS 190-2  1.492e+02  [-69 3.373e-04 1.012e-01 5.537e-04]  [3 -20 55]
 NS 190-3  1.493e+02  [-111 2.751e-06 8.257e-04 1.782e-04]  [3 -18 56]
 NS 190-4  1.495e+02  [-159 1.040e-08 3.120e-06 3.000e-04]  [3 -17 54]
 NS 190-5s 1.497e+02  [-205 5.150e-11 1.545e-08 2.223e-04]  [3 -18 52]
 NS 191-1  1.498e+02  [0 1.000e+00 2.812e+02 2.460e-04]  [2 -20 34]
 NS 191-2  1.500e+02  [-69 3.311e-04 9.311e-02 5.604e-04]  [3 -20 56]
 NS 191-3  1.501e+02  [-111 2.663e-06 7.488e-04 1.768e-04]  [3 -18 55]
 NS 191-4  1.503e+02  [-160 9.942e-09 2.796e-06 2.510e-04]  [3 -18 56]
 NS 191-5  1.505e+02  [-206 4.937e-11 1.388e-08 2.052e-04]  [3 -18 54]
 NS 192-1  1.506e+02  [0 1.000e+00 2.621e+02 2.433e-04]  [2 -20 49]
 NS 192-2  1.508e+02  [-69 3.251e-04 8.518e-02 5.663e-04]  [3 -20 55]
 NS 192-3  1.509e+02  [-111 2.576e-06 6.752e-04 1.764e-04]  [3 -18 57]
 NS 192-4  1.511e+02  [-160 9.429e-09 2.471e-06 2.543e-04]  [3 -18 55]
 NS 192-5s 1.512e+02  [-206 4.661e-11 1.221e-08 2.064e-04]  [3 -18 54]
 NS 193-1  1.514e+02  [0 1.000e+00 2.426e+02 2.402e-04]  [2 -20 34]
 NS 193-2  1.516e+02  [-69 3.189e-04 7.737e-02 5.722e-04]  [3 -20 56]
 NS 193-3  1.517e+02  [-112 2.487e-06 6.035e-04 1.764e-04]  [3 -18 56]
 NS 193-4  1.519e+02  [-161 8.869e-09 2.152e-06 2.586e-04]  [3 -18 55]
 NS 193-5  1.520e+02  [-207 4.312e-11 1.046e-08 2.075e-04]  [3 -18 54]
 NS 194-1  1.522e+02  [0 1.000e+00 2.230e+02 2.366e-04]  [2 -20 50]
 NS 194-2  1.523e+02  [-70 3.127e-04 6.972e-02 5.794e-04]  [3 -20 55]
 NS 194-3  1.525e+02  [-112 2.391e-06 5.330e-04 1.769e-04]  [3 -18 56]
 NS 194-4  1.526e+02  [-161 8.330e-09 1.857e-06 2.644e-04]  [3 -18 56]
 NS 194-5s 1.528e+02  [-208 3.975e-11 8.863e-09 2.055e-04]  [3 -18 54]
 NS 195-1  1.530e+02  [0 1.000e+00 2.031e+02 2.326e-04]  [2 -20 36]
 NS 195-2  1.532e+02  [-70 3.065e-04 6.224e-02 5.874e-04]  [3 -20 55]
 NS 195-3  1.533e+02  [-112 2.291e-06 4.653e-04 1.785e-04]  [3 -18 56]
 NS 195-4  1.535e+02  [-162 7.809e-09 1.586e-06 2.694e-04]  [3 -18 56]
 NS 195-5  1.536e+02  [-208 3.651e-11 7.413e-09 2.038e-04]  [3 -18 53]
 NS 196-1  1.538e+02  [0 1.000e+00 1.830e+02 2.279e-04]  [2 -20 48]
 NS 196-2  1.539e+02  [-70 3.005e-04 5.498e-02 5.944e-04]  [3 -20 56]
 NS 196-3  1.541e+02  [-113 2.190e-06 4.007e-04 1.811e-04]  [3 -18 56]
 NS 196-4  1.542e+02  [-162 7.275e-09 1.331e-06 2.724e-04]  [3 -18 59]
 NS 196-5s 1.544e+02  [-209 3.309e-11 6.054e-09 2.037e-04]  [3 -18 54]
 NS 197-1  1.546e+02  [0 1.000e+00 1.627e+02 2.267e-04]  [2 -19 34]
 NS 197-2  1.547e+02  [-70 2.980e-04 4.848e-02 7.319e-04]  [3 -19 55]
 NS 197-3  1.549e+02  [-113 2.088e-06 3.396e-04 1.831e-04]  [3 -18 56]
 NS 197-4  1.551e+02  [-163 6.629e-09 1.078e-06 2.965e-04]  [3 -18 56]
 NS 197-5  1.552e+02  [-210 2.974e-11 4.839e-09 2.170e-04]  [3 -18 54]
 NS 198-1  1.554e+02  [0 1.000e+00 1.422e+02 2.157e-04]  [2 -20 46]
 NS 198-2  1.555e+02  [-70 2.901e-04 4.126e-02 5.991e-04]  [3 -20 56]
 NS 198-3  1.557e+02  [-114 1.978e-06 2.814e-04 1.866e-04]  [3 -18 56]
 NS 198-4  1.558e+02  [-164 6.146e-09 8.742e-07 2.708e-04]  [3 -18 55]
 NS 198-5s 1.560e+02  [-211 2.596e-11 3.693e-09 2.048e-04]  [3 -18 54]
 NS 199-1  1.562e+02  [0 1.000e+00 1.217e+02 2.033e-04]  [2 -20 34]
 NS 199-2  1.563e+02  [-70 2.850e-04 3.468e-02 7.487e-04]  [3 -20 55]
 NS 199-3  1.565e+02  [-114 1.887e-06 2.297e-04 1.951e-04]  [3 -18 56]
 NS 199-4  1.566e+02  [-164 5.801e-09 7.060e-07 2.736e-04]  [3 -18 56]
 NS 199-5  1.568e+02  [-212 2.275e-11 2.768e-09 1.998e-04]  [3 -18 52]
 NS 200-1  1.569e+02  [0 1.000e+00 1.011e+02 1.952e-04]  [2 -19 48]
 NS 200-2  1.571e+02  [-70 2.906e-04 2.937e-02 5.824e-04]  [3 -20 57]
 NS 200-3  1.573e+02  [-115 1.759e-06 1.777e-04 1.841e-04]  [3 -18 56]
 NS 200-4  1.574e+02  [-165 5.135e-09 5.190e-07 2.426e-04]  [3 -18 56]
 NS 200-5s 1.576e+02  [-214 1.915e-11 1.935e-09 1.933e-04]  [3 -18 55]
