---------------------------------------------------------------------
 Eq     N-i     T       dB  Ri/R1   Ri/R0    R/Ri     lsIt   dB  %t
---------------------------------------------------------------------
 NS 1-1  2.100e-01  [0 1.000e+00 1.000e+00 1.646e-04]  [5 -18 65]
 NS 1-2  3.701e-01  [-75 1.651e-04 1.651e-04 7.226e-04]  [3 -23 57]
 NS 1-3  5.536e-01  [-138 1.193e-07 1.193e-07 1.627e-04]  [4 -20 61]
 NS 1-4  7.341e-01  [-214 1.942e-11 1.942e-11 1.926e-04]  [4 -17 60]
 NS 1-5  8.590e-01  [-254 1.884e-13 1.884e-13 8.651e-04]  [2 -19 38]
 NS 2-1  9.954e-01  [0 1.000e+00 2.837e+01 7.812e-04]  [2 -17 48]
 NS 2-2  1.156e+00  [-62 7.813e-04 2.216e-02 7.814e-04]  [3 -19 57]
 NS 2-3  1.315e+00  [-124 6.105e-07 1.732e-05 6.885e-04]  [3 -19 55]
 NS 2-4  1.488e+00  [-187 4.203e-10 1.192e-08 1.723e-04]  [4 -19 59]
 NS 2-5s 1.652e+00  [-262 7.246e-14 2.056e-12 7.949e-04]  [3 -20 53]
 NS 3-1  1.864e+00  [0 1.000e+00 2.690e+01 3.301e-04]  [3 -18 42]
 NS 3-2  2.023e+00  [-69 3.301e-04 8.881e-03 8.526e-04]  [3 -19 56]
 NS 3-3  2.179e+00  [-131 2.815e-07 7.573e-06 8.708e-04]  [3 -18 55]
 NS 3-4  2.359e+00  [-192 2.451e-10 6.594e-09 1.065e-04]  [4 -23 61]
 NS 3-5  2.519e+00  [-270 2.943e-14 7.917e-13 9.724e-04]  [3 -17 51]
 NS 4-1  2.656e+00  [0 1.000e+00 3.012e+01 7.654e-04]  [2 -19 49]
 NS 4-2  2.813e+00  [-62 7.654e-04 2.306e-02 7.304e-04]  [3 -19 55]
 NS 4-3  2.972e+00  [-125 5.592e-07 1.684e-05 8.583e-04]  [3 -18 56]
 NS 4-4  3.152e+00  [-186 4.800e-10 1.446e-08 1.075e-04]  [4 -23 61]
 NS 4-5s 3.320e+00  [-265 5.436e-14 1.637e-12 1.384e-04]  [4 -20 54]
 NS 5-1  3.509e+00  [0 1.000e+00 4.065e+01 9.540e-04]  [2 -17 35]
 NS 5-2  3.670e+00  [-60 9.540e-04 3.878e-02 9.213e-04]  [3 -18 56]
 NS 5-3  3.829e+00  [-121 8.793e-07 3.574e-05 7.739e-04]  [3 -18 56]
 NS 5-4  3.982e+00  [-183 6.807e-10 2.767e-08 9.399e-04]  [3 -15 54]
 NS 5-5  4.167e+00  [-243 6.399e-13 2.601e-11 9.391e-05]  [4 -25 58]
 NS 6-1  4.302e+00  [0 1.000e+00 5.027e+01 4.118e-04]  [2 -17 48]
 NS 6-2  4.463e+00  [-67 4.118e-04 2.070e-02 6.717e-04]  [3 -20 56]
 NS 6-3  4.618e+00  [-131 2.769e-07 1.392e-05 7.461e-04]  [3 -18 54]
 NS 6-4  4.796e+00  [-193 2.066e-10 1.039e-08 1.356e-04]  [4 -21 61]
 NS 6-5s 4.956e+00  [-269 3.529e-14 1.774e-12 8.672e-04]  [3 -20 52]
 NS 7-1  5.146e+00  [0 1.000e+00 6.765e+01 4.762e-04]  [2 -19 36]
 NS 7-2  5.304e+00  [-66 4.762e-04 3.221e-02 8.753e-04]  [3 -18 55]
 NS 7-3  5.463e+00  [-127 4.174e-07 2.824e-05 6.937e-04]  [3 -17 57]
 NS 7-4  5.623e+00  [-190 2.899e-10 1.961e-08 8.245e-04]  [3 -16 56]
 NS 7-5  5.786e+00  [-252 2.398e-13 1.622e-11 9.986e-04]  [3 -15 52]
 NS 8-1  5.926e+00  [0 1.000e+00 8.205e+01 3.255e-04]  [2 -20 50]
 NS 8-2  6.085e+00  [-69 3.256e-04 2.671e-02 6.400e-04]  [3 -19 56]
 NS 8-3  6.247e+00  [-133 2.088e-07 1.713e-05 6.945e-04]  [3 -18 57]
 NS 8-4  6.411e+00  [-196 1.452e-10 1.191e-08 8.676e-04]  [3 -18 57]
 NS 8-5s 6.598e+00  [-257 1.279e-13 1.049e-11 1.177e-04]  [4 -22 59]
 NS 9-1  6.790e+00  [0 1.000e+00 1.008e+02 3.652e-04]  [2 -19 35]
 NS 9-2  6.977e+00  [-68 3.652e-04 3.679e-02 7.271e-04]  [3 -19 51]
 NS 9-3  7.143e+00  [-131 2.663e-07 2.683e-05 6.789e-04]  [3 -18 55]
 NS 9-4  7.305e+00  [-194 1.813e-10 1.827e-08 8.343e-04]  [3 -17 56]
 NS 9-5  7.474e+00  [-256 1.529e-13 1.541e-11 9.860e-04]  [3 -16 53]
 NS 10-1  7.610e+00  [0 1.000e+00 1.181e+02 3.251e-04]  [2 -20 49]
 NS 10-2  7.770e+00  [-69 3.251e-04 3.838e-02 6.772e-04]  [3 -19 56]
 NS 10-3  7.929e+00  [-133 2.211e-07 2.610e-05 6.738e-04]  [3 -18 56]
 NS 10-4  8.088e+00  [-196 1.495e-10 1.765e-08 8.258e-04]  [3 -18 56]
 NS 10-5s 8.255e+00  [-257 1.261e-13 1.489e-11 9.485e-04]  [3 -17 54]
 NS 11-1  8.445e+00  [0 1.000e+00 1.373e+02 3.310e-04]  [2 -20 36]
 NS 11-2  8.605e+00  [-69 3.311e-04 4.544e-02 6.798e-04]  [3 -19 55]
 NS 11-3  8.765e+00  [-132 2.264e-07 3.108e-05 6.630e-04]  [3 -19 56]
 NS 11-4  8.925e+00  [-196 1.509e-10 2.072e-08 8.440e-04]  [3 -18 55]
 NS 11-5  9.104e+00  [-257 1.301e-13 1.786e-11 1.497e-04]  [4 -20 57]
 NS 12-1  9.242e+00  [0 1.000e+00 1.560e+02 3.167e-04]  [2 -20 49]
 NS 12-2  9.400e+00  [-69 3.168e-04 4.942e-02 6.648e-04]  [3 -19 56]
 NS 12-3  9.563e+00  [-133 2.123e-07 3.313e-05 6.593e-04]  [3 -19 57]
 NS 12-4  9.725e+00  [-197 1.410e-10 2.199e-08 8.445e-04]  [3 -18 56]
 NS 12-5s 9.884e+00  [-258 1.220e-13 1.903e-11 9.878e-04]  [3 -16 51]
 NS 13-1  1.007e+01  [0 1.000e+00 1.754e+02 3.151e-04]  [2 -20 35]
 NS 13-2  1.023e+01  [-70 3.152e-04 5.529e-02 6.621e-04]  [3 -19 55]
 NS 13-3  1.039e+01  [-133 2.110e-07 3.701e-05 6.531e-04]  [3 -19 56]
 NS 13-4  1.055e+01  [-197 1.391e-10 2.441e-08 8.523e-04]  [3 -18 57]
 NS 13-5  1.071e+01  [-258 1.225e-13 2.149e-11 9.562e-04]  [3 -17 51]
 NS 14-1  1.085e+01  [0 1.000e+00 1.947e+02 3.084e-04]  [2 -20 46]
 NS 14-2  1.101e+01  [-70 3.085e-04 6.006e-02 6.561e-04]  [3 -19 56]
 NS 14-3  1.117e+01  [-133 2.053e-07 3.998e-05 6.499e-04]  [3 -19 56]
 NS 14-4  1.133e+01  [-197 1.352e-10 2.632e-08 8.526e-04]  [3 -18 56]
 NS 14-5s 1.148e+01  [-258 1.204e-13 2.344e-11 9.312e-04]  [3 -17 51]
 NS 15-1  1.167e+01  [0 1.000e+00 2.142e+02 3.067e-04]  [2 -20 34]
 NS 15-2  1.183e+01  [-70 3.068e-04 6.571e-02 6.382e-04]  [3 -20 56]
 NS 15-3  1.198e+01  [-133 1.996e-07 4.276e-05 6.587e-04]  [3 -19 56]
 NS 15-4  1.215e+01  [-197 1.335e-10 2.860e-08 8.835e-04]  [3 -18 56]
 NS 15-5  1.230e+01  [-258 1.235e-13 2.644e-11 8.940e-04]  [3 -17 51]
 NS 16-1  1.244e+01  [0 1.000e+00 2.335e+02 3.017e-04]  [2 -20 49]
 NS 16-2  1.260e+01  [-70 3.018e-04 7.048e-02 6.513e-04]  [3 -19 55]
 NS 16-3  1.276e+01  [-133 2.012e-07 4.699e-05 6.443e-04]  [3 -19 56]
 NS 16-4  1.292e+01  [-197 1.325e-10 3.094e-08 8.510e-04]  [3 -18 56]
 NS 16-5s 1.308e+01  [-258 1.189e-13 2.776e-11 9.283e-04]  [3 -17 52]
 NS 17-1  1.326e+01  [0 1.000e+00 2.528e+02 2.992e-04]  [2 -20 35]
 NS 17-2  1.342e+01  [-70 2.993e-04 7.566e-02 6.497e-04]  [3 -19 55]
 NS 17-3  1.358e+01  [-133 2.002e-07 5.060e-05 6.426e-04]  [3 -19 56]
 NS 17-4  1.374e+01  [-197 1.322e-10 3.343e-08 8.492e-04]  [3 -18 56]
 NS 17-5  1.391e+01  [-258 1.203e-13 3.041e-11 9.097e-04]  [3 -17 54]
 NS 18-1  1.405e+01  [0 1.000e+00 2.719e+02 2.967e-04]  [2 -20 50]
 NS 18-2  1.420e+01  [-70 2.968e-04 8.068e-02 6.482e-04]  [3 -20 55]
 NS 18-3  1.436e+01  [-134 1.993e-07 5.418e-05 6.410e-04]  [3 -19 56]
 NS 18-4  1.452e+01  [-197 1.322e-10 3.595e-08 8.460e-04]  [3 -18 55]
 NS 18-5s 1.469e+01  [-258 1.203e-13 3.270e-11 8.855e-04]  [3 -17 53]
 NS 19-1  1.487e+01  [0 1.000e+00 2.908e+02 2.946e-04]  [2 -20 35]
 NS 19-2  1.503e+01  [-70 2.947e-04 8.570e-02 6.476e-04]  [3 -20 56]
 NS 19-3  1.519e+01  [-134 1.992e-07 5.792e-05 6.389e-04]  [3 -19 56]
 NS 19-4  1.535e+01  [-197 1.327e-10 3.860e-08 8.410e-04]  [3 -18 57]
 NS 19-5  1.551e+01  [-258 1.229e-13 3.573e-11 8.613e-04]  [3 -17 52]
 NS 20-1  1.565e+01  [0 1.000e+00 3.094e+02 2.927e-04]  [2 -20 50]
 NS 20-2  1.581e+01  [-70 2.929e-04 9.062e-02 6.468e-04]  [3 -20 56]
 NS 20-3  1.597e+01  [-134 1.994e-07 6.168e-05 6.375e-04]  [3 -19 57]
 NS 20-4  1.613e+01  [-197 1.337e-10 4.138e-08 8.360e-04]  [3 -18 55]
 NS 20-5s 1.629e+01  [-258 1.238e-13 3.832e-11 8.549e-04]  [3 -17 52]
