---------------------------------------------------------------------
 Eq     N-i     T       dB  Ri/R1   Ri/R0    R/Ri     lsIt   dB  %t
---------------------------------------------------------------------
 NS 1-1  2.181e-01  [0 1.000e+00 1.000e+00 1.645e-04]  [5 -18 66]
 NS 1-2  3.833e-01  [-73 2.041e-04 2.041e-04 6.695e-04]  [3 -22 57]
 NS 1-3  5.679e-01  [-137 1.368e-07 1.368e-07 1.483e-04]  [4 -20 61]
 NS 1-4  7.313e-01  [-213 2.055e-11 2.055e-11 8.984e-04]  [3 -18 56]
 NS 1-5  8.946e-01  [-254 1.934e-13 1.934e-13 2.646e-04]  [3 -18 52]
 NS 2-1  1.037e+00  [0 1.000e+00 2.836e+01 7.816e-04]  [2 -17 51]
 NS 2-2  1.204e+00  [-62 7.822e-04 2.219e-02 7.807e-04]  [3 -19 58]
 NS 2-3  1.371e+00  [-124 6.119e-07 1.735e-05 6.874e-04]  [3 -19 58]
 NS 2-4  1.551e+00  [-187 4.214e-10 1.195e-08 1.687e-04]  [4 -19 60]
 NS 2-5s 1.719e+00  [-262 7.349e-14 2.084e-12 7.678e-04]  [3 -20 54]
 NS 3-1  1.938e+00  [0 1.000e+00 2.690e+01 3.302e-04]  [3 -18 44]
 NS 3-2  2.103e+00  [-69 3.305e-04 8.889e-03 8.533e-04]  [3 -19 58]
 NS 3-3  2.267e+00  [-130 2.830e-07 7.611e-06 9.036e-04]  [3 -17 57]
 NS 3-4  2.452e+00  [-191 2.561e-10 6.888e-09 1.127e-04]  [4 -23 63]
 NS 3-5  2.648e+00  [-269 3.439e-14 9.250e-13 1.531e-04]  [4 -19 61]
 NS 4-1  2.788e+00  [0 1.000e+00 3.011e+01 7.662e-04]  [2 -19 50]
 NS 4-2  2.962e+00  [-62 7.668e-04 2.309e-02 7.314e-04]  [3 -19 55]
 NS 4-3  3.125e+00  [-124 5.659e-07 1.704e-05 8.497e-04]  [3 -18 58]
 NS 4-4  3.315e+00  [-186 4.834e-10 1.456e-08 1.064e-04]  [4 -23 63]
 NS 4-5s 3.483e+00  [-262 7.224e-14 2.175e-12 9.382e-04]  [3 -18 55]
 NS 5-1  3.678e+00  [0 1.000e+00 4.065e+01 9.553e-04]  [2 -17 37]
 NS 5-2  3.843e+00  [-60 9.553e-04 3.883e-02 9.226e-04]  [3 -18 57]
 NS 5-3  4.009e+00  [-120 9.027e-07 3.669e-05 7.549e-04]  [3 -18 58]
 NS 5-4  4.169e+00  [-183 6.942e-10 2.822e-08 9.288e-04]  [3 -15 57]
 NS 5-5  4.356e+00  [-243 6.506e-13 2.645e-11 9.770e-05]  [4 -24 60]
 NS 6-1  4.495e+00  [0 1.000e+00 5.025e+01 4.127e-04]  [2 -17 50]
 NS 6-2  4.661e+00  [-67 4.134e-04 2.077e-02 6.724e-04]  [3 -20 58]
 NS 6-3  4.822e+00  [-130 3.036e-07 1.525e-05 7.083e-04]  [3 -18 57]
 NS 6-4  5.007e+00  [-193 2.234e-10 1.122e-08 1.280e-04]  [4 -21 62]
 NS 6-5s 5.177e+00  [-264 5.810e-14 2.919e-12 6.613e-04]  [3 -18 55]
 NS 7-1  5.370e+00  [0 1.000e+00 6.763e+01 4.776e-04]  [2 -19 37]
 NS 7-2  5.533e+00  [-66 4.779e-04 3.232e-02 8.779e-04]  [3 -18 57]
 NS 7-3  5.699e+00  [-126 4.546e-07 3.075e-05 6.736e-04]  [3 -18 57]
 NS 7-4  5.865e+00  [-189 3.290e-10 2.225e-08 8.180e-04]  [3 -17 58]
 NS 7-5  6.053e+00  [-250 2.821e-13 1.908e-11 1.464e-04]  [4 -20 59]
 NS 8-1  6.193e+00  [0 1.000e+00 8.200e+01 3.271e-04]  [2 -20 50]
 NS 8-2  6.357e+00  [-69 3.281e-04 2.691e-02 6.422e-04]  [3 -19 58]
 NS 8-3  6.521e+00  [-132 2.369e-07 1.942e-05 6.666e-04]  [3 -19 57]
 NS 8-4  6.687e+00  [-195 1.738e-10 1.425e-08 7.669e-04]  [3 -18 58]
 NS 8-5s 6.877e+00  [-256 1.470e-13 1.206e-11 1.259e-04]  [4 -21 59]
 NS 9-1  7.071e+00  [0 1.000e+00 1.007e+02 3.672e-04]  [2 -19 37]
 NS 9-2  7.238e+00  [-68 3.682e-04 3.708e-02 7.299e-04]  [3 -19 58]
 NS 9-3  7.403e+00  [-129 3.216e-07 3.238e-05 6.325e-04]  [3 -19 57]
 NS 9-4  7.570e+00  [-192 2.414e-10 2.431e-08 7.251e-04]  [3 -18 58]
 NS 9-5  7.744e+00  [-254 1.986e-13 2.000e-11 9.235e-04]  [3 -16 56]
 NS 10-1  7.882e+00  [0 1.000e+00 1.180e+02 3.275e-04]  [2 -20 49]
 NS 10-2  8.047e+00  [-69 3.291e-04 3.882e-02 6.817e-04]  [3 -19 57]
 NS 10-3  8.212e+00  [-130 2.848e-07 3.359e-05 6.177e-04]  [3 -19 58]
 NS 10-4  8.376e+00  [-193 2.192e-10 2.586e-08 6.996e-04]  [3 -18 58]
 NS 10-5s 8.538e+00  [-254 1.829e-13 2.157e-11 9.180e-04]  [3 -16 52]
 NS 11-1  8.731e+00  [0 1.000e+00 1.371e+02 3.340e-04]  [2 -20 37]
 NS 11-2  8.896e+00  [-69 3.359e-04 4.606e-02 6.845e-04]  [3 -19 58]
 NS 11-3  9.059e+00  [-129 3.185e-07 4.367e-05 5.789e-04]  [3 -19 58]
 NS 11-4  9.223e+00  [-192 2.485e-10 3.407e-08 6.947e-04]  [3 -18 57]
 NS 11-5  9.393e+00  [-253 2.136e-13 2.929e-11 8.947e-04]  [3 -16 53]
 NS 12-1  9.534e+00  [0 1.000e+00 1.558e+02 3.201e-04]  [2 -20 50]
 NS 12-2  9.700e+00  [-69 3.227e-04 5.028e-02 6.701e-04]  [3 -19 58]
 NS 12-3  9.864e+00  [-129 3.261e-07 5.080e-05 5.582e-04]  [3 -19 57]
 NS 12-4  1.003e+01  [-191 2.615e-10 4.075e-08 6.782e-04]  [3 -18 57]
 NS 12-5s 1.019e+01  [-252 2.310e-13 3.599e-11 8.344e-04]  [3 -16 53]
 NS 13-1  1.038e+01  [0 1.000e+00 1.752e+02 3.191e-04]  [2 -20 36]
 NS 13-2  1.055e+01  [-69 3.223e-04 5.646e-02 6.684e-04]  [3 -19 57]
 NS 13-3  1.071e+01  [-128 3.571e-07 6.255e-05 5.313e-04]  [3 -19 57]
 NS 13-4  1.088e+01  [-190 2.951e-10 5.170e-08 6.595e-04]  [3 -19 58]
 NS 13-5  1.104e+01  [-251 2.704e-13 4.736e-11 8.646e-04]  [3 -16 54]
 NS 14-1  1.118e+01  [0 1.000e+00 1.944e+02 3.130e-04]  [2 -20 50]
 NS 14-2  1.135e+01  [-69 3.171e-04 6.163e-02 6.631e-04]  [3 -19 57]
 NS 14-3  1.151e+01  [-128 3.830e-07 7.446e-05 5.106e-04]  [3 -19 57]
 NS 14-4  1.168e+01  [-189 3.279e-10 6.375e-08 6.362e-04]  [3 -19 58]
 NS 14-5s 1.184e+01  [-250 3.056e-13 5.941e-11 7.357e-04]  [3 -16 54]
 NS 15-1  1.203e+01  [0 1.000e+00 2.138e+02 3.112e-04]  [2 -20 35]
 NS 15-2  1.220e+01  [-70 3.161e-04 6.758e-02 6.533e-04]  [3 -20 58]
 NS 15-3  1.236e+01  [-127 4.179e-07 8.934e-05 4.851e-04]  [3 -19 58]
 NS 15-4  1.253e+01  [-188 3.696e-10 7.900e-08 6.071e-04]  [3 -19 58]
 NS 15-5  1.270e+01  [-248 3.561e-13 7.613e-11 6.937e-04]  [3 -17 55]
 NS 16-1  1.284e+01  [0 1.000e+00 2.330e+02 3.077e-04]  [2 -20 51]
 NS 16-2  1.302e+01  [-70 3.137e-04 7.310e-02 6.596e-04]  [3 -20 54]
 NS 16-3  1.319e+01  [-126 4.560e-07 1.062e-04 4.722e-04]  [3 -19 58]
 NS 16-4  1.335e+01  [-187 4.231e-10 9.859e-08 5.918e-04]  [3 -19 57]
 NS 16-5s 1.352e+01  [-247 4.264e-13 9.934e-11 6.655e-04]  [3 -17 55]
 NS 17-1  1.371e+01  [0 1.000e+00 2.522e+02 3.059e-04]  [2 -20 36]
 NS 17-2  1.388e+01  [-70 3.132e-04 7.897e-02 6.585e-04]  [3 -20 58]
 NS 17-3  1.404e+01  [-126 4.981e-07 1.256e-04 4.561e-04]  [3 -19 57]
 NS 17-4  1.421e+01  [-186 4.845e-10 1.222e-07 5.746e-04]  [3 -20 58]
 NS 17-5  1.438e+01  [-245 5.091e-13 1.284e-10 6.377e-04]  [3 -17 55]
 NS 18-1  1.452e+01  [0 1.000e+00 2.711e+02 3.041e-04]  [2 -20 50]
 NS 18-2  1.468e+01  [-70 3.128e-04 8.479e-02 6.570e-04]  [3 -20 58]
 NS 18-3  1.485e+01  [-125 5.424e-07 1.471e-04 4.424e-04]  [3 -19 57]
 NS 18-4  1.501e+01  [-185 5.554e-10 1.506e-07 5.611e-04]  [3 -20 58]
 NS 18-5s 1.518e+01  [-244 6.171e-13 1.673e-10 6.172e-04]  [3 -17 56]
 NS 19-1  1.537e+01  [0 1.000e+00 2.899e+02 3.029e-04]  [2 -20 37]
 NS 19-2  1.554e+01  [-70 3.131e-04 9.075e-02 6.562e-04]  [3 -20 57]
 NS 19-3  1.570e+01  [-124 5.910e-07 1.713e-04 4.284e-04]  [3 -19 58]
 NS 19-4  1.587e+01  [-183 6.382e-10 1.850e-07 5.503e-04]  [3 -20 58]
 NS 19-5  1.604e+01  [-242 7.504e-13 2.175e-10 5.951e-04]  [3 -17 56]
 NS 20-1  1.618e+01  [0 1.000e+00 3.084e+02 3.018e-04]  [2 -20 50]
 NS 20-2  1.634e+01  [-70 3.137e-04 9.675e-02 6.550e-04]  [3 -20 57]
 NS 20-3  1.651e+01  [-123 6.428e-07 1.982e-04 4.153e-04]  [3 -19 57]
 NS 20-4  1.667e+01  [-182 7.338e-10 2.263e-07 5.412e-04]  [3 -20 58]
 NS 20-5s 1.684e+01  [-240 9.161e-13 2.825e-10 5.780e-04]  [3 -18 53]
